10 0 0 0 0 0 0 0 0 0 
0 19953 27721 28068 5978 19210 2221 11759 12124 28405 
19953 0 12889 23192 12758 19042 5210 16621 5159 29934 
27721 12889 0 2020 25343 12971 1429 15491 3399 18273 
28068 23192 2020 0 13147 7120 9295 21635 20499 6880 
5978 12758 25343 13147 0 15253 9042 13038 20250 6156 
19210 19042 12971 7120 15253 0 15714 4190 17902 28929 
2221 5210 1429 9295 9042 15714 0 2601 26406 3683 
11759 16621 15491 21635 13038 4190 2601 0 3604 12397 
12124 5159 3399 20499 20250 17902 26406 3604 0 17134 
28405 29934 18273 6880 6156 28929 3683 12397 17134 0 
