100 0 0 0 0 0 0 0 0 0 0 0 0 0 0 0 0 0 0 0 0 0 0 0 0 0 0 0 0 0 0 0 0 0 0 0 0 0 0 0 0 0 0 0 0 0 0 0 0 0 0 0 0 0 0 0 0 0 0 0 0 0 0 0 0 0 0 0 0 0 0 0 0 0 0 0 0 0 0 0 0 0 0 0 0 0 0 0 0 0 0 0 0 0 0 0 0 0 0 0 
0 32069 30322 10988 15545 170 4033 5011 11611 27576 30799 10683 11618 15325 23373 4195 11206 31093 809 17084 20831 23400 29213 32618 31629 2307 10746 6139 1060 5655 12086 24743 668 5455 4915 15433 29306 23766 4561 157 27385 22824 3639 11963 21500 2616 31453 15315 17463 1731 30941 26154 29851 8690 14970 21076 29954 3894 29937 27826 3612 8287 28030 19246 31897 31230 28081 2869 29079 23037 10994 26613 1101 19579 27986 1239 248 27372 404 10303 16645 369 17018 25218 30847 13940 17748 23847 9403 4231 30150 20065 2114 30333 11480 19660 24574 1481 3908 32615 
32069 0 3093 1995 8122 20155 12171 13085 12515 23037 17934 10189 26278 22194 4928 14544 18885 27190 2565 20863 14955 10050 13022 9185 12329 14431 1160 10811 4653 23437 2772 18389 9155 6963 30664 5389 16657 28745 31478 8865 26638 14788 31516 16440 18882 13633 3580 4658 24516 25845 19069 689 16881 3796 20738 23015 14441 16639 9738 2465 17871 1906 15112 30740 9664 16110 16772 21990 31635 12580 9330 19327 11602 26147 17361 2448 9976 22275 20103 2276 492 28114 22139 1382 19645 32446 31475 114 28447 9860 17712 22112 26150 14871 4935 13133 21696 13204 11586 29484 
30322 3093 0 25677 12559 10325 447 7744 5917 14098 8811 19061 27409 13126 24851 31806 20881 12694 11901 6848 23052 4993 914 1556 11971 14368 18319 17058 31767 14623 19308 18106 6932 28667 1675 18035 19261 16253 165 6600 1946 23926 5362 6383 17151 6331 31382 2812 6046 22371 15955 694 13775 18751 6508 17848 7709 2713 20951 6603 29332 13104 4006 5251 27466 3443 21431 18711 14891 29181 31642 28805 27144 849 32449 26598 1250 17878 20718 8461 3442 20500 5593 24934 6140 3888 4641 27405 3670 23461 1396 27693 27442 23107 23041 20635 30899 25965 21789 20914 
10988 1995 25677 0 27832 23444 10650 8583 9644 23708 7350 28376 1501 25533 21442 4039 8838 25853 24607 4947 32140 11980 24510 13985 9562 18386 31388 21229 12030 10231 8317 25779 26244 6328 747 6173 20882 18599 1905 1711 24644 24131 11796 4657 26696 5626 10257 2269 17981 14203 6877 32457 16712 28224 19289 2197 3320 20827 11604 17240 1371 9856 4935 21960 352 11347 31307 22184 22383 30706 11869 17526 28742 12741 17109 31317 1045 15748 6948 20023 24029 6537 32717 17487 16644 344 31653 949 19772 8043 32077 30810 31894 23106 30960 20014 6113 2218 1593 12687 
15545 8122 12559 27832 0 8034 32021 9166 15161 22610 7970 29643 21314 22385 28591 16353 3467 27361 20362 19910 5079 3713 2770 3514 21331 652 20606 185 32327 20594 26929 21247 27389 23029 14652 26300 31734 20103 23027 19224 32074 8930 22068 23401 9055 26345 22069 690 5838 5566 18061 24415 14737 15395 18053 17214 4465 4373 27039 19392 943 23717 6247 3697 19952 18714 7288 5557 26733 31300 9170 10692 15707 1826 18266 8679 24984 12727 24753 14836 14999 31016 15161 10246 15757 25113 27749 28289 13276 4425 24384 9796 12478 5228 24383 15664 9269 30024 11851 25817 
170 20155 10325 23444 8034 0 28208 10770 26642 30751 9639 2317 4071 9721 26282 8930 11772 729 4096 3671 30400 9617 2942 17315 6489 4322 5993 22972 27297 5355 21009 9958 30819 4564 25514 4216 214 1979 25196 5615 2649 8158 19694 25400 6000 6922 14015 30266 13054 20802 837 9122 20675 11955 19162 1778 15897 22999 17956 10699 7914 28391 23476 28281 13044 31878 11234 2496 24384 11691 14054 6118 14303 19663 31034 6400 1511 3159 6703 24704 1452 16451 2253 17407 22851 29975 8944 5446 27443 4105 17055 13219 15741 25708 19887 16489 24782 27228 9112 17096 
4033 12171 447 10650 32021 28208 0 7087 17783 6168 940 11683 12528 21160 28002 17828 30359 24632 3947 10131 9236 7431 437 20475 2020 30336 26592 27687 8295 30453 15982 10369 21037 11679 19761 28973 29057 11990 27377 230 27446 10380 32349 23063 6320 18190 26676 1596 2870 26110 17075 14202 23158 18827 8768 10365 16984 23539 17239 22161 7175 11066 20916 29187 32317 9003 13506 8377 4302 16271 3395 28431 24439 12972 20544 2804 14311 15360 11059 9541 24333 11070 7538 5481 10660 19336 29406 6956 17404 13038 3020 23264 13578 12838 7731 28593 26802 24717 23575 12360 
5011 13085 7744 8583 9166 10770 7087 0 15402 20864 1046 24768 14493 1081 29296 18683 29615 12723 18420 2818 925 8995 31885 16808 10528 28470 18951 20091 12870 18147 29834 24238 1936 11636 9047 6468 16204 26578 17856 25213 21301 12048 16492 24708 21576 29242 24268 11609 14568 13150 17624 25085 8500 19419 23822 26332 11687 9193 32427 13694 17393 10600 18475 30576 24085 4589 27134 11888 16323 13322 23948 20952 11767 988 17516 3404 1233 32474 27615 3238 18358 4827 12434 289 1960 19560 16020 19396 15330 22596 27028 30993 26807 9273 6495 31213 12459 11044 1689 17874 
11611 12515 5917 9644 15161 26642 17783 15402 0 21249 9690 15098 21038 1879 17176 20308 14753 13351 20074 21375 12646 9221 24829 1457 12999 13845 8031 17649 14343 10147 20487 12888 1300 7171 16677 22155 23923 32427 2475 1911 21352 7054 29082 2638 7269 2490 3473 11714 5813 17460 22931 22656 27752 3346 24344 18415 32640 30425 12887 31530 2909 12313 21201 1594 10085 27974 15137 18839 5879 3289 11265 18912 4754 20903 32416 9177 30272 20352 2594 22694 328 26123 26743 28230 4884 26080 9825 8273 4447 15334 10944 7413 25507 16110 24863 2605 12225 31632 29571 20291 
27576 23037 14098 23708 22610 30751 6168 20864 21249 0 16439 3852 24797 14973 28502 20893 10832 27920 28038 24859 31245 7600 11375 5849 29168 1381 2202 2732 13785 15287 13775 7995 16814 3870 15792 391 30611 20135 27798 26551 25196 28903 18603 6953 26771 17444 28488 6581 27349 5057 29839 23108 2994 28393 8524 145 6869 31872 11016 3133 24785 2118 17006 20248 18205 13644 5090 13998 6225 411 5727 13584 21666 1826 17553 21732 22171 9696 7218 17582 17437 850 32680 25952 1944 2847 21983 10271 19850 23809 1124 18264 16952 21493 8130 9986 2987 4774 28192 26677 
30799 17934 8811 7350 7970 9639 940 1046 9690 16439 0 29259 6934 8124 5869 30582 25123 21181 28842 1209 17533 23019 14533 4683 29577 18142 15124 31193 2965 9390 1709 416 478 7848 25115 3534 27109 21327 29892 5146 7667 3989 20889 11681 5866 28249 20223 25347 32590 6180 22525 3774 19858 7967 8871 29129 29095 13143 30665 22132 25025 11061 30679 23934 4715 7223 2324 20854 9678 32755 23296 7255 24126 8525 11015 15198 8197 19959 13927 19758 3699 2089 1378 5671 4132 13473 31652 5890 18068 221 23030 4529 17632 32151 7460 6261 4574 10625 26154 831 
10683 10189 19061 28376 29643 2317 11683 24768 15098 3852 29259 0 4171 5977 18020 31164 26812 15595 7686 28538 26802 3833 31984 32549 30509 25254 6999 30759 26489 24992 3234 32052 24327 1517 4836 24630 13707 4340 21145 14200 11094 18893 25247 6161 4596 3789 29815 8595 17160 1612 4285 18163 359 31416 9189 187 8307 11743 22327 21614 3513 12153 29197 23867 6350 756 16202 16869 5478 8323 13085 17394 13236 7528 19702 21522 11017 1920 29128 22481 4775 16399 14976 3199 1253 25037 29382 13151 26761 32305 17394 29454 31841 15869 18513 6710 291 12553 664 12147 
11618 26278 27409 1501 21314 4071 12528 14493 21038 24797 6934 4171 0 4133 953 27053 10152 1901 10507 15769 24442 16957 5465 5941 16868 25438 3311 13040 7286 19702 21386 2142 12106 23843 8672 26226 31927 14557 31344 25597 5687 16652 27019 24678 4757 3560 31906 4266 6491 3216 31953 21654 12154 6894 14508 20547 12603 15817 26952 1490 9573 19754 32396 27497 21934 13044 24249 14701 22630 6078 25911 27904 30562 6643 11426 15037 8230 27436 28692 28082 18774 28620 4019 28317 31070 15580 1150 28522 23136 4137 20307 30444 1885 7835 12100 18651 32422 21720 11034 26125 
15325 22194 13126 25533 22385 9721 21160 1081 1879 14973 8124 5977 4133 0 27966 32511 7145 15543 26718 14983 18202 16915 31766 32416 21511 18167 21682 21997 17330 18274 27950 31394 1145 1123 24213 29142 13067 4999 4508 10759 25514 28549 11902 26861 28579 30247 26392 5251 779 32635 30536 9042 26298 31290 30595 16384 17036 14711 23988 27673 21462 24460 18524 11804 21542 4673 28646 5832 3135 25662 23115 10663 20308 8114 11494 29915 23170 24131 14488 25640 21651 6712 7199 6978 27121 9445 6322 25431 16615 11863 29921 30687 16927 19008 2475 16035 29015 7716 21984 14091 
23373 4928 24851 21442 28591 26282 28002 29296 17176 28502 5869 18020 953 27966 0 29512 28803 3742 31796 5772 2495 734 23524 5946 11579 1306 27827 21915 23258 31241 11035 62 31607 19497 17003 29204 3571 28037 26612 1742 15225 21930 31605 374 24340 14310 6340 24907 19571 28099 1725 16610 25083 20930 12143 7033 12813 1627 3460 5278 20376 25908 15089 7680 2530 4769 3294 6035 9106 29020 26839 17899 20737 29317 16179 15057 2497 32219 22212 3114 31086 28220 21953 29961 7092 24154 13295 15633 20384 16830 534 528 28202 1537 12962 16344 12291 14409 20376 12896 
4195 14544 31806 4039 16353 8930 17828 18683 20308 20893 30582 31164 27053 32511 29512 0 20815 29450 12913 12284 31982 6155 21653 1990 32636 344 18434 13457 4221 14017 3832 21279 6541 12213 1082 21515 24387 15879 31109 28342 29764 1023 1616 23920 21157 16803 709 20202 14213 1350 27392 14555 7402 2897 9862 30704 28123 22865 28679 26873 20671 24641 22871 26449 9204 12825 10154 23693 2227 5782 1039 19816 6178 2890 15406 4078 7866 31462 3909 5863 31195 14279 17247 32389 29612 1471 32470 18001 14648 16164 8716 25682 18117 24862 7525 7551 26231 2860 32647 20326 
11206 18885 20881 8838 3467 11772 30359 29615 14753 10832 25123 26812 10152 7145 28803 20815 0 26899 17643 10596 15097 18569 26019 21064 2318 21594 14484 30174 22838 4930 4072 1168 16901 14888 1355 26686 29231 7104 3698 23413 18224 30308 235 25841 28986 15407 4390 13141 20574 12635 6339 21800 30461 31964 12317 2322 32113 1852 26391 8792 4855 17336 10534 15765 30687 16283 6302 16826 19703 5082 27968 26951 25652 5360 8708 20426 32417 23803 32291 16280 9100 3095 17767 15306 31982 23290 7095 634 25883 23504 26588 830 4523 1368 16793 1509 1959 25662 14058 32112 
31093 27190 12694 25853 27361 729 24632 12723 13351 27920 21181 15595 1901 15543 3742 29450 26899 0 3740 16759 8003 17133 14020 31940 23940 275 23056 28379 29013 21425 14127 12909 23714 2682 17231 5839 24069 5318 7295 2630 23735 2041 11847 6031 11477 14128 25733 17073 10200 18477 2186 20742 21838 29060 9332 18567 8157 19974 2253 12887 21113 29037 20580 27794 23012 10825 32363 5975 1638 7466 4817 26899 18894 9485 12513 30223 11688 9484 13339 14139 32191 14144 20305 23612 25300 25849 4613 13491 27040 21538 28674 15568 12807 5613 10040 6422 17054 710 8156 3440 
809 2565 11901 24607 20362 4096 3947 18420 20074 28038 28842 7686 10507 26718 31796 12913 17643 3740 0 11274 10137 23642 5490 1020 30222 21207 27634 1772 1162 9924 29700 24823 15406 23987 18315 15695 16677 13134 20171 14168 7852 13849 17053 4614 27233 12399 981 20853 27339 6582 29682 4809 3370 3044 15112 15943 13952 31031 9962 28596 15327 7728 3996 12525 3572 27600 27895 25286 25555 26133 2461 28711 28932 12982 32543 10085 29390 21534 26475 21981 8386 19622 28540 470 19594 9751 14140 24216 15603 6495 10940 22216 4153 21137 16535 18694 12689 3362 18851 21192 
17084 20863 6848 4947 19910 3671 10131 2818 21375 24859 1209 28538 15769 14983 5772 12284 10596 16759 11274 0 32171 12730 9834 11328 28249 14898 9082 18575 24803 28120 21175 28904 3344 7661 14894 6179 9873 14941 6589 31107 2269 27531 5259 25246 32079 18270 23242 22158 30590 28044 20400 30297 25564 5926 26546 23198 25746 25956 15106 19073 6297 31665 2123 31703 18716 12537 9130 18581 6413 25649 3568 1397 4869 16424 12310 26090 12640 31372 30464 6469 15512 23102 19318 3368 7137 4314 8798 299 29701 13185 8510 22476 12418 24297 4849 20636 21217 21158 10408 6054 
20831 14955 23052 32140 5079 30400 9236 925 12646 31245 17533 26802 24442 18202 2495 31982 15097 8003 10137 32171 0 23122 17129 17372 29872 225 1227 27982 20446 8034 12149 25239 4812 23620 30130 11743 470 16113 28123 13582 21254 4720 1382 3086 19392 30270 29614 15173 31660 14696 14340 13905 16611 23532 28406 32517 349 21072 2782 12451 17817 26499 15278 28507 8334 22772 4602 30724 4306 2288 10565 19481 18184 25408 26000 13813 32142 20483 4127 8530 19814 20680 24462 1022 11365 9198 14099 21216 154 2623 10517 16170 29952 2763 2285 14303 31591 20738 6139 27528 
23400 10050 4993 11980 3713 9617 7431 8995 9221 7600 23019 3833 16957 16915 734 6155 18569 17133 23642 12730 23122 0 15333 11579 13622 16000 6860 27787 25867 24418 17768 3187 932 24093 5258 1650 26014 24286 850 8636 20362 29698 1172 27780 19694 23428 23144 22664 12161 23977 19474 18142 12967 14570 22036 3837 32554 18209 12433 19725 2874 18423 18404 883 4774 31884 896 23447 9052 104 30474 4600 31262 2977 22964 22898 11141 2637 24539 16845 21819 13609 21219 28041 21363 6026 850 8936 13996 11908 28971 1084 30119 3416 18060 31602 6053 13091 138 9439 
29213 13022 914 24510 2770 2942 437 31885 24829 11375 14533 31984 5465 31766 23524 21653 26019 14020 5490 9834 17129 15333 0 31798 21871 30926 30167 26393 29849 9909 31476 10196 10596 13349 24779 18965 20719 17737 15204 19825 10614 2233 16573 27009 15701 12082 12788 26682 21847 32665 10677 12940 32323 17202 31718 27454 28072 1564 4752 13320 20967 26639 29712 30962 22913 31065 24191 24043 32162 24598 9309 10924 23534 16814 13956 20686 11147 11411 1868 26665 6510 32315 13050 15727 6121 347 6510 20233 28020 16486 21772 21553 3771 18501 15081 10832 4072 22359 20538 17561 
32618 9185 1556 13985 3514 17315 20475 16808 1457 5849 4683 32549 5941 32416 5946 1990 21064 31940 1020 11328 17372 11579 31798 0 31253 14292 27836 3211 14433 27449 16465 2504 5114 10434 27357 1802 9387 4577 24567 17923 19449 10688 4696 14683 9213 24082 26706 26016 22659 15132 147 11123 18024 5890 17179 26352 32047 16469 31355 4189 32485 31708 29007 18966 23095 23970 20476 1975 31440 18753 13998 14987 19447 9580 20364 12084 2409 3778 21821 2203 23156 5585 18847 1049 4948 21608 22726 29414 14545 26146 9266 5314 8728 4143 29268 16354 21721 9316 32323 541 
31629 12329 11971 9562 21331 6489 2020 10528 12999 29168 29577 30509 16868 21511 11579 32636 2318 23940 30222 28249 29872 13622 21871 31253 0 6821 4717 8979 13984 31977 6571 2775 12971 2683 1173 10431 6999 30010 10581 13929 14217 18134 12724 20363 19808 30312 11685 32554 1768 31822 13588 4373 1022 75 9455 25512 17797 32223 17269 13758 24011 31460 22461 11510 4661 11369 138 4138 23089 9682 22093 29228 26460 28208 9339 18627 8946 6109 17936 11236 19574 13915 29026 14644 9634 20077 32555 22461 22417 7286 30929 22511 32042 19730 31223 11226 32462 1010 12617 13226 
2307 14431 14368 18386 652 4322 30336 28470 13845 1381 18142 25254 25438 18167 1306 344 21594 275 21207 14898 225 16000 30926 14292 6821 0 23277 14420 15442 24082 16125 2391 9578 31632 16980 10578 2275 21950 4008 12117 4035 22014 25549 11569 27221 5751 1559 30666 21037 5754 4852 8860 1115 8241 29897 31371 12270 19343 9997 3054 5291 19059 8100 32734 19982 27165 31357 23739 1664 30165 17262 30207 3802 26329 31310 5959 5658 3463 11603 13982 32099 8140 17838 14860 1082 22732 25188 7262 18686 5585 23918 32054 22952 7289 22292 26710 20676 30234 25477 24616 
10746 1160 18319 31388 20606 5993 26592 18951 8031 2202 15124 6999 3311 21682 27827 18434 14484 23056 27634 9082 1227 6860 30167 27836 4717 23277 0 26033 21087 7190 29142 25978 25129 9925 4172 26678 5632 8890 7768 7401 14791 122 30441 24394 29829 13127 7795 3812 12917 17372 21276 19568 9811 20327 4647 14706 28132 11975 16032 5649 9669 16902 21832 22843 30841 7192 22978 7928 29869 2773 26878 2318 14029 14131 7397 28118 12748 22984 11589 29021 9007 16256 31231 25790 32346 6810 27247 1981 23327 23527 19996 2215 13187 4166 10912 24169 31954 32346 8920 22767 
6139 10811 17058 21229 185 22972 27687 20091 17649 2732 31193 30759 13040 21997 21915 13457 30174 28379 1772 18575 27982 27787 26393 3211 8979 14420 26033 0 24962 4352 3091 29724 10411 9784 22775 21663 19992 1441 21120 26393 22869 6040 29583 9424 28026 32073 24439 5269 15109 18549 24952 685 11252 28287 3193 12799 9766 17085 30469 29310 32755 1020 20359 18649 776 18771 17609 4961 6536 23085 32426 22585 352 15760 8990 10436 8682 3251 9067 17994 24517 21695 19873 29676 2802 5091 24153 8651 17202 7582 3762 23923 28319 29256 23176 13197 7817 21986 31478 28356 
1060 4653 31767 12030 32327 27297 8295 12870 14343 13785 2965 26489 7286 17330 23258 4221 22838 29013 1162 24803 20446 25867 29849 14433 13984 15442 21087 24962 0 27410 4975 8517 27609 28503 20140 4946 9590 32521 26061 15345 16586 29498 1307 18940 19456 14236 28814 30899 5647 21275 30040 6133 6760 16059 31412 10432 10723 9903 15856 18918 31974 29115 1464 28944 6871 10955 22692 11256 17092 10450 771 26082 16720 4327 30697 27995 24545 3742 22903 13877 22790 24227 13418 5057 32301 1949 15078 26446 31366 23873 2692 32481 24369 10676 18840 8246 25774 6437 10183 31735 
5655 23437 14623 10231 20594 5355 30453 18147 10147 15287 9390 24992 19702 18274 31241 14017 4930 21425 9924 28120 8034 24418 9909 27449 31977 24082 7190 4352 27410 0 28619 2061 30561 7555 2074 3552 1695 28014 27465 7841 6974 3923 32174 7598 25709 4749 10643 10808 5109 28103 14989 30352 19249 27242 23327 25266 20560 20810 4240 9745 1993 17548 20745 5285 28191 29402 4081 19250 3542 4041 23692 20186 11700 15753 28369 27621 13116 21454 16012 24526 30055 12287 180 6801 31652 31388 9998 9011 25873 3572 15874 27538 29691 27144 17596 8047 31123 25017 23429 15032 
12086 2772 19308 8317 26929 21009 15982 29834 20487 13775 1709 3234 21386 27950 11035 3832 4072 14127 29700 21175 12149 17768 31476 16465 6571 16125 29142 3091 4975 28619 0 23713 18945 5776 12062 29426 15046 3989 28827 8345 28634 14400 317 11177 3742 11058 16282 958 26025 8727 28510 27670 5589 25445 12406 23533 25230 27733 31611 12569 13654 4897 20320 4326 8348 7552 31838 4915 28094 1886 14367 5069 603 30175 26410 17931 10461 4758 18318 26281 2118 19201 26833 10217 22330 12360 7450 13287 5708 29494 20381 24892 23949 14455 27719 30166 2385 16659 17578 5142 
24743 18389 18106 25779 21247 9958 10369 24238 12888 7995 416 32052 2142 31394 62 21279 1168 12909 24823 28904 25239 3187 10196 2504 2775 2391 25978 29724 8517 2061 23713 0 21798 39 5982 7030 12060 10633 25483 29576 17104 26427 4077 11893 18257 20299 26739 21980 25866 7072 28361 20850 27291 20684 9434 13814 3063 12307 18312 7507 1982 16566 30121 29718 20188 31876 32581 26643 2657 27554 22798 25682 7074 15258 28703 17983 29329 7585 23032 14353 22105 30765 7353 23674 31805 14262 2974 14224 2225 19147 29626 251 22201 5464 5367 19295 8577 26421 9037 11531 
668 9155 6932 26244 27389 30819 21037 1936 1300 16814 478 24327 12106 1145 31607 6541 16901 23714 15406 3344 4812 932 10596 5114 12971 9578 25129 10411 27609 30561 18945 21798 0 26334 297 22767 6316 16672 30071 11115 8576 14513 13366 2058 596 6551 25229 2212 17755 16711 21858 8641 11042 23105 8680 26078 23875 13801 23912 11489 28234 24744 6223 23512 21223 19523 24696 18681 16469 11386 22202 30678 7177 25060 9140 10719 26782 3848 22487 32541 23551 13247 692 9004 2774 27338 3464 17017 21812 9646 9476 17340 130 727 15969 440 10919 6636 931 305 
5455 6963 28667 6328 23029 4564 11679 11636 7171 3870 7848 1517 23843 1123 19497 12213 14888 2682 23987 7661 23620 24093 13349 10434 2683 31632 9925 9784 28503 7555 5776 39 26334 0 27859 236 23922 22005 25897 32 24808 22029 16634 23754 16673 21726 13826 25943 5434 22650 30650 31001 22068 30930 13757 11919 30456 16935 3167 19701 5260 26803 17291 25867 14998 14739 30684 5417 30738 29943 2559 17538 16463 32140 28743 25015 21551 2345 18064 28832 12190 16056 14425 29526 14162 28007 8476 31363 8901 18703 32496 26861 24175 22500 4962 13888 25160 32093 20111 15643 
4915 30664 1675 747 14652 25514 19761 9047 16677 15792 25115 4836 8672 24213 17003 1082 1355 17231 18315 14894 30130 5258 24779 27357 1173 16980 4172 22775 20140 2074 12062 5982 297 27859 0 5994 19248 8409 13472 8600 10681 498 11712 25536 6056 23221 22345 24265 28316 32157 16440 32242 21372 7300 19503 21484 24192 20825 20898 24118 31361 13088 19778 27320 1924 13103 22185 31651 3204 16038 16966 17799 1152 24623 7307 9140 4804 24054 27220 7894 10875 4075 23194 25035 30068 27190 21849 14535 1588 30714 5054 30378 8508 16974 11668 23712 10652 24440 18416 24570 
15433 5389 18035 6173 26300 4216 28973 6468 22155 391 3534 24630 26226 29142 29204 21515 26686 5839 15695 6179 11743 1650 18965 1802 10431 10578 26678 21663 4946 3552 29426 7030 22767 236 5994 0 19575 3953 32201 24664 11738 1733 28264 562 29688 20380 15794 14272 29989 1137 608 25526 21214 25262 31289 2932 12709 8306 24468 31979 19233 7583 32525 3537 13941 15398 2438 24584 735 27542 24161 22348 148 13282 18938 11291 21467 19314 29802 18409 11879 1133 31866 22148 19193 7492 31461 14532 1846 16513 27090 17526 14277 16337 11408 32138 4780 22095 13203 13435 
29306 16657 19261 20882 31734 214 29057 16204 23923 30611 27109 13707 31927 13067 3571 24387 29231 24069 16677 9873 470 26014 20719 9387 6999 2275 5632 19992 9590 1695 15046 12060 6316 23922 19248 19575 0 21389 531 29901 27306 24952 5878 1038 13642 5464 5161 16681 8295 10727 10867 22190 22267 11805 9834 15412 25580 13261 24575 29841 27576 27774 26953 85 17253 20619 2198 16524 4264 11389 18862 17844 24403 12455 12905 18172 22531 24322 26228 15807 1034 29515 18016 24895 19097 8538 21995 32421 4914 17860 30097 26936 14668 25780 15189 32476 15688 4870 30412 31950 
23766 28745 16253 18599 20103 1979 11990 26578 32427 20135 21327 4340 14557 4999 28037 15879 7104 5318 13134 14941 16113 24286 17737 4577 30010 21950 8890 1441 32521 28014 3989 10633 16672 22005 8409 3953 21389 0 666 22205 27089 19913 8046 16719 19649 28607 31327 31604 15675 30112 25159 19818 19462 7414 8087 31070 12065 21433 21930 28865 17597 20929 9832 27852 32382 4974 29727 13905 12530 8596 23965 10435 849 21164 20625 15496 31606 28984 20002 9341 25117 29558 15824 19146 31582 12360 27274 14567 20329 15714 1552 14062 32643 25269 20106 11810 25408 20251 12905 6847 
4561 31478 165 1905 23027 25196 27377 17856 2475 27798 29892 21145 31344 4508 26612 31109 3698 7295 20171 6589 28123 850 15204 24567 10581 4008 7768 21120 26061 27465 28827 25483 30071 25897 13472 32201 531 666 0 24242 22531 11213 31374 29120 6540 21224 14046 20144 14693 24660 30607 1278 4140 7210 6339 4940 14294 4652 28374 30587 29372 30085 19329 5391 23014 24773 10317 3524 24214 11804 8762 26731 27415 25558 12975 8714 11975 28950 20900 1331 24930 14038 27918 25508 2448 6430 24970 3616 4785 5251 24653 9868 15847 5091 28235 10316 14948 606 26789 17118 
157 8865 6600 1711 19224 5615 230 25213 1911 26551 5146 14200 25597 10759 1742 28342 23413 2630 14168 31107 13582 8636 19825 17923 13929 12117 7401 26393 15345 7841 8345 29576 11115 32 8600 24664 29901 22205 24242 0 25897 8265 23232 21957 18761 12997 28716 32143 422 28683 23195 10970 9110 15813 9555 21041 28010 14236 22518 17242 16711 29694 5892 26174 19015 13356 21654 8474 10191 19335 3416 21478 15154 18971 19911 5381 29574 13932 31660 6957 13254 25215 8152 153 12072 10283 11296 19309 22464 6305 31130 26472 15189 27449 31513 31952 27266 14207 24551 20634 
27385 26638 1946 24644 32074 2649 27446 21301 21352 25196 7667 11094 5687 25514 15225 29764 18224 23735 7852 2269 21254 20362 10614 19449 14217 4035 14791 22869 16586 6974 28634 17104 8576 24808 10681 11738 27306 27089 22531 25897 0 28902 14310 32735 18597 5588 848 10857 5269 25891 32062 13225 11444 13311 25815 11432 29058 12963 21790 2504 253 19956 21380 7162 14154 20317 11696 3642 7333 22252 12941 9039 27786 2989 4756 12224 8739 7750 29531 3097 13812 31187 606 31582 30917 16131 4875 16847 14288 25970 5140 26590 5675 8009 26608 25965 18294 23315 27826 12619 
22824 14788 23926 24131 8930 8158 10380 12048 7054 28903 3989 18893 16652 28549 21930 1023 30308 2041 13849 27531 4720 29698 2233 10688 18134 22014 122 6040 29498 3923 14400 26427 14513 22029 498 1733 24952 19913 11213 8265 28902 0 28660 7303 27660 18590 10864 7654 29414 7699 21675 18826 24183 22043 20069 24638 31471 5747 28863 6608 24840 18398 4762 10590 9215 9865 7984 13538 14289 17340 6897 3067 3002 25793 12959 10749 5354 27417 12460 20284 17801 12764 29907 15764 11245 3184 18932 25659 13849 21102 13876 1738 21880 9424 8532 11145 32475 22623 27985 23803 
3639 31516 5362 11796 22068 19694 32349 16492 29082 18603 20889 25247 27019 11902 31605 1616 235 11847 17053 5259 1382 1172 16573 4696 12724 25549 30441 29583 1307 32174 317 4077 13366 16634 11712 28264 5878 8046 31374 23232 14310 28660 0 23900 30164 12427 31321 8702 17416 23492 26710 22704 23625 24476 21087 9023 20726 26500 28286 23407 16338 27371 17029 13848 14357 11255 20533 3199 30645 25218 30381 26609 3061 20311 13589 11173 8494 13229 14987 30931 3549 26851 28493 10511 25837 5245 25384 31467 6981 13406 19743 19661 3220 32582 2143 524 27483 21902 14946 28241 
11963 16440 6383 4657 23401 25400 23063 24708 2638 6953 11681 6161 24678 26861 374 23920 25841 6031 4614 25246 3086 27780 27009 14683 20363 11569 24394 9424 18940 7598 11177 11893 2058 23754 25536 562 1038 16719 29120 21957 32735 7303 23900 0 13105 31575 17905 21500 14350 5538 6067 21456 31277 14609 6582 3301 7593 19776 9609 11869 20836 5844 19051 28454 19687 11082 30919 8672 18558 24580 3567 525 19347 145 15388 9855 27978 22589 2725 17662 25437 23256 27263 13113 31545 30922 6900 20719 22873 27222 23207 18269 6882 32302 8391 18921 13696 14135 23186 17423 
21500 18882 17151 26696 9055 6000 6320 21576 7269 26771 5866 4596 4757 28579 24340 21157 28986 11477 27233 32079 19392 19694 15701 9213 19808 27221 29829 28026 19456 25709 3742 18257 596 16673 6056 29688 13642 19649 6540 18761 18597 27660 30164 13105 0 18668 20379 13663 25261 18922 25071 22506 10337 14968 19024 5159 6699 26101 18689 26462 21201 15774 3639 27770 15398 11564 10145 20551 5816 32173 19766 6637 32442 25250 6462 940 6703 3418 30626 24537 23639 25229 22647 17944 2654 11835 29129 1242 27970 29126 7332 4889 23812 10317 6504 32338 4370 7499 18253 4291 
2616 13633 6331 5626 26345 6922 18190 29242 2490 17444 28249 3789 3560 30247 14310 16803 15407 14128 12399 18270 30270 23428 12082 24082 30312 5751 13127 32073 14236 4749 11058 20299 6551 21726 23221 20380 5464 28607 21224 12997 5588 18590 12427 31575 18668 0 20984 21651 22511 5975 29682 23966 23638 32220 25427 23859 20483 14 14462 31596 11346 19618 2311 26743 17015 23522 20242 28640 21626 14097 13036 3871 13940 16669 4839 23395 29706 27787 25977 17056 13865 2719 20887 29655 25859 8139 6478 31397 16970 26970 12963 23054 30635 92 10924 12938 21901 17875 12014 16207 
31453 3580 31382 10257 22069 14015 26676 24268 3473 28488 20223 29815 31906 26392 6340 709 4390 25733 981 23242 29614 23144 12788 26706 11685 1559 7795 24439 28814 10643 16282 26739 25229 13826 22345 15794 5161 31327 14046 28716 848 10864 31321 17905 20379 20984 0 28815 15676 109 16050 32553 16949 18963 7112 9027 29390 32584 330 17598 17891 19609 31721 4162 23495 22239 29613 27992 9041 5371 16158 27336 26151 9682 31668 15669 18506 24203 22396 11253 1762 3335 14347 2101 586 10912 27303 2637 24414 31526 18867 12640 19459 21526 858 311 13047 2076 28032 14942 
15315 4658 2812 2269 690 30266 1596 11609 11714 6581 25347 8595 4266 5251 24907 20202 13141 17073 20853 22158 15173 22664 26682 26016 32554 30666 3812 5269 30899 10808 958 21980 2212 25943 24265 14272 16681 31604 20144 32143 10857 7654 8702 21500 13663 21651 28815 0 4294 24709 9033 2175 4878 6837 7195 29797 10788 27256 12879 20545 2210 24601 6016 7819 20928 9213 20550 2585 23080 22895 10937 4353 13083 3248 25894 30926 23492 30782 271 30694 13531 11619 32361 16442 4733 27649 31504 22319 2122 13723 29325 26316 19391 26535 6668 29733 18645 26898 5271 9990 
17463 24516 6046 17981 5838 13054 2870 14568 5813 27349 32590 17160 6491 779 19571 14213 20574 10200 27339 30590 31660 12161 21847 22659 1768 21037 12917 15109 5647 5109 26025 25866 17755 5434 28316 29989 8295 15675 14693 422 5269 29414 17416 14350 25261 22511 15676 4294 0 32741 4460 20683 16914 24495 16765 16956 7921 14843 18806 20353 19710 23580 19835 6110 5640 18451 18863 13959 22649 15402 7872 29157 22021 6355 3507 3851 3990 16577 12017 1394 23159 20295 12434 3836 6847 16624 26600 20519 20224 27232 590 5264 22832 22889 24882 23467 12502 31856 28000 12736 
1731 25845 22371 14203 5566 20802 26110 13150 17460 5057 6180 1612 3216 32635 28099 1350 12635 18477 6582 28044 14696 23977 32665 15132 31822 5754 17372 18549 21275 28103 8727 7072 16711 22650 32157 1137 10727 30112 24660 28683 25891 7699 23492 5538 18922 5975 109 24709 32741 0 29690 107 5512 10261 13306 21361 16974 29994 24589 9178 26957 12923 8441 24527 21196 10356 9349 8861 3642 25509 10199 5886 13866 29480 13327 27819 3218 14420 26916 11554 27455 13219 29439 31668 17564 31457 1237 3282 12451 17557 30409 24729 16930 13491 25025 3226 8242 22147 21895 8430 
30941 19069 15955 6877 18061 837 17075 17624 22931 29839 22525 4285 31953 30536 1725 27392 6339 2186 29682 20400 14340 19474 10677 147 13588 4852 21276 24952 30040 14989 28510 28361 21858 30650 16440 608 10867 25159 30607 23195 32062 21675 26710 6067 25071 29682 16050 9033 4460 29690 0 30639 27156 5395 29578 13397 7261 28579 14358 18991 27308 18007 22305 19187 19228 5270 8388 24042 20303 7781 32766 18704 18556 25886 13534 16498 25270 26740 25585 6084 17278 28582 9966 12865 30603 22274 2719 19655 15320 7580 9746 32305 28143 12111 14080 2551 12147 9972 28541 24836 
26154 689 694 32457 24415 9122 14202 25085 22656 23108 3774 18163 21654 9042 16610 14555 21800 20742 4809 30297 13905 18142 12940 11123 4373 8860 19568 685 6133 30352 27670 20850 8641 31001 32242 25526 22190 19818 1278 10970 13225 18826 22704 21456 22506 23966 32553 2175 20683 107 30639 0 28250 5882 29429 1551 9583 16534 3264 24576 27743 9033 12276 25743 13320 3787 8179 29261 18355 14849 29812 9396 4337 21702 6904 22035 30131 13560 22663 31419 11432 27334 18351 16747 9178 18487 3774 9465 21899 10238 19005 23361 10060 32636 26544 19794 12127 2069 27788 1238 
29851 16881 13775 16712 14737 20675 23158 8500 27752 2994 19858 359 12154 26298 25083 7402 30461 21838 3370 25564 16611 12967 32323 18024 1022 1115 9811 11252 6760 19249 5589 27291 11042 22068 21372 21214 22267 19462 4140 9110 11444 24183 23625 31277 10337 23638 16949 4878 16914 5512 27156 28250 0 9301 28881 24033 22888 32599 10209 27469 31685 27282 19466 23252 10910 28939 14349 21363 17288 9542 23230 31341 12869 7138 8841 7554 18032 5234 26690 20848 9834 27806 25904 16558 2947 14714 92 9830 13164 8997 32534 12723 13020 24229 25800 19741 5504 25089 3583 1617 
8690 3796 18751 28224 15395 11955 18827 19419 3346 28393 7967 31416 6894 31290 20930 2897 31964 29060 3044 5926 23532 14570 17202 5890 75 8241 20327 28287 16059 27242 25445 20684 23105 30930 7300 25262 11805 7414 7210 15813 13311 22043 24476 14609 14968 32220 18963 6837 24495 10261 5395 5882 9301 0 8079 12504 20770 5688 15565 28056 24137 17231 31437 29223 32256 29091 6778 16767 6457 1050 28044 17610 13150 4168 17389 15539 6479 21473 23377 22001 14489 19297 11536 11537 6904 22010 13893 19843 16911 4797 5676 30695 24421 25355 7864 15257 9378 15934 13171 12153 
14970 20738 6508 19289 18053 19162 8768 23822 24344 8524 8871 9189 14508 30595 12143 9862 12317 9332 15112 26546 28406 22036 31718 17179 9455 29897 4647 3193 31412 23327 12406 9434 8680 13757 19503 31289 9834 8087 6339 9555 25815 20069 21087 6582 19024 25427 7112 7195 16765 13306 29578 29429 28881 8079 0 9313 27509 24664 30225 6870 23048 4737 16736 13177 15580 27653 28661 15760 5130 13544 29202 13002 16708 29209 18026 4950 27357 13614 6997 22593 26138 2148 21815 6164 13498 13013 9773 14765 25028 20730 8953 20828 18832 32100 303 1090 6424 1462 27296 3558 
21076 23015 17848 2197 17214 1778 10365 26332 18415 145 29129 187 20547 16384 7033 30704 2322 18567 15943 23198 32517 3837 27454 26352 25512 31371 14706 12799 10432 25266 23533 13814 26078 11919 21484 2932 15412 31070 4940 21041 11432 24638 9023 3301 5159 23859 9027 29797 16956 21361 13397 1551 24033 12504 9313 0 8869 32032 8546 21678 15509 10527 8513 14482 31218 29132 17008 18097 27037 27918 17377 12915 25267 31498 7714 29880 2918 18152 20448 25799 18971 29414 31391 14968 31939 15266 19383 26015 4733 7843 28050 26299 25452 20521 32035 5344 25301 3126 16297 31969 
29954 14441 7709 3320 4465 15897 16984 11687 32640 6869 29095 8307 12603 17036 12813 28123 32113 8157 13952 25746 349 32554 28072 32047 17797 12270 28132 9766 10723 20560 25230 3063 23875 30456 24192 12709 25580 12065 14294 28010 29058 31471 20726 7593 6699 20483 29390 10788 7921 16974 7261 9583 22888 20770 27509 8869 0 32515 7300 2204 5245 26456 8774 29002 10141 1376 13988 892 10683 3477 11713 941 24819 21181 32733 23271 20253 29577 21476 31752 20092 1649 6458 3386 23462 24526 15556 4524 14517 20024 17721 3988 21935 26913 25258 28265 10803 19889 15695 2397 
3894 16639 2713 20827 4373 22999 23539 9193 30425 31872 13143 11743 15817 14711 1627 22865 1852 19974 31031 25956 21072 18209 1564 16469 32223 19343 11975 17085 9903 20810 27733 12307 13801 16935 20825 8306 13261 21433 4652 14236 12963 5747 26500 19776 26101 14 32584 27256 14843 29994 28579 16534 32599 5688 24664 32032 32515 0 27788 5602 19277 14946 19183 17802 14853 4314 10697 5123 11785 5895 6630 22484 12982 15108 19634 6856 9521 45 9370 23096 3683 27532 6053 31385 30006 8581 16461 14921 9488 8384 14498 12182 9359 18006 7073 7695 22662 1855 18641 12046 
29937 9738 20951 11604 27039 17956 17239 32427 12887 11016 30665 22327 26952 23988 3460 28679 26391 2253 9962 15106 2782 12433 4752 31355 17269 9997 16032 30469 15856 4240 31611 18312 23912 3167 20898 24468 24575 21930 28374 22518 21790 28863 28286 9609 18689 14462 330 12879 18806 24589 14358 3264 10209 15565 30225 8546 7300 27788 0 19083 29623 7257 25784 2627 4608 15608 26887 24422 32152 10191 16664 6797 15190 7996 18962 3977 19388 15065 5922 1149 3326 21048 14757 1849 13389 21471 32407 17625 27240 17541 19770 16286 22372 25230 4874 32523 10682 10692 26848 5698 
27826 2465 6603 17240 19392 10699 22161 13694 31530 3133 22132 21614 1490 27673 5278 26873 8792 12887 28596 19073 12451 19725 13320 4189 13758 3054 5649 29310 18918 9745 12569 7507 11489 19701 24118 31979 29841 28865 30587 17242 2504 6608 23407 11869 26462 31596 17598 20545 20353 9178 18991 24576 27469 28056 6870 21678 2204 5602 19083 0 15001 6304 22333 411 30757 10601 2424 20812 14900 25483 3539 4295 15721 6620 14470 12557 30837 24703 24765 25893 9709 15533 14352 4621 2151 4034 16956 14307 17627 2443 26918 16467 28473 11727 26898 24131 9542 14618 4383 27324 
3612 17871 29332 1371 943 7914 7175 17393 2909 24785 25025 3513 9573 21462 20376 20671 4855 21113 15327 6297 17817 2874 20967 32485 24011 5291 9669 32755 31974 1993 13654 1982 28234 5260 31361 19233 27576 17597 29372 16711 253 24840 16338 20836 21201 11346 17891 2210 19710 26957 27308 27743 31685 24137 23048 15509 5245 19277 29623 15001 0 25330 3709 27963 26723 15462 21780 24224 124 17868 4383 16152 25160 30928 17120 13910 297 18493 29382 23284 28113 16533 6908 4775 31208 30452 12341 1733 6396 25126 21941 26873 10926 31237 2210 1092 6682 14616 20109 22070 
8287 1906 13104 9856 23717 28391 11066 10600 12313 2118 11061 12153 19754 24460 25908 24641 17336 29037 7728 31665 26499 18423 26639 31708 31460 19059 16902 1020 29115 17548 4897 16566 24744 26803 13088 7583 27774 20929 30085 29694 19956 18398 27371 5844 15774 19618 19609 24601 23580 12923 18007 9033 27282 17231 4737 10527 26456 14946 7257 6304 25330 0 4358 3795 10451 14963 21798 12290 32640 32670 31094 23703 13719 24936 18018 28008 10914 14820 14541 20383 11071 20212 30051 21508 13860 30138 24128 16780 2390 30529 9922 30498 29604 8807 426 10421 9834 14093 17785 897 
28030 15112 4006 4935 6247 23476 20916 18475 21201 17006 30679 29197 32396 18524 15089 22871 10534 20580 3996 2123 15278 18404 29712 29007 22461 8100 21832 20359 1464 20745 20320 30121 6223 17291 19778 32525 26953 9832 19329 5892 21380 4762 17029 19051 3639 2311 31721 6016 19835 8441 22305 12276 19466 31437 16736 8513 8774 19183 25784 22333 3709 4358 0 12369 2165 7028 12082 10352 31310 3479 7597 14458 27736 371 10522 9757 21226 4479 22599 22283 3091 27074 17302 4891 167 3463 17454 31904 27782 22882 10336 23304 23087 32099 6487 5049 7557 27545 7683 27943 
19246 30740 5251 21960 3697 28281 29187 30576 1594 20248 23934 23867 27497 11804 7680 26449 15765 27794 12525 31703 28507 883 30962 18966 11510 32734 22843 18649 28944 5285 4326 29718 23512 25867 27320 3537 85 27852 5391 26174 7162 10590 13848 28454 27770 26743 4162 7819 6110 24527 19187 25743 23252 29223 13177 14482 29002 17802 2627 411 27963 3795 12369 0 18798 9828 18803 12120 6661 22989 15749 16030 4792 5454 31335 2611 23984 20333 13151 6510 21741 19211 19442 9790 20265 13871 31330 9239 30446 5142 23146 20511 2038 15995 27704 13977 3778 2595 15274 22929 
31897 9664 27466 352 19952 13044 32317 24085 10085 18205 4715 6350 21934 21542 2530 9204 30687 23012 3572 18716 8334 4774 22913 23095 4661 19982 30841 776 6871 28191 8348 20188 21223 14998 1924 13941 17253 32382 23014 19015 14154 9215 14357 19687 15398 17015 23495 20928 5640 21196 19228 13320 10910 32256 15580 31218 10141 14853 4608 30757 26723 10451 2165 18798 0 32104 7157 26682 25452 22902 3059 31227 27041 14714 5779 31618 7539 10258 2802 28030 21580 18378 30833 11728 5746 9915 14137 4811 2486 12384 8203 27311 10589 22970 32589 7011 30542 25511 3921 24177 
31230 16110 3443 11347 18714 31878 9003 4589 27974 13644 7223 756 13044 4673 4769 12825 16283 10825 27600 12537 22772 31884 31065 23970 11369 27165 7192 18771 10955 29402 7552 31876 19523 14739 13103 15398 20619 4974 24773 13356 20317 9865 11255 11082 11564 23522 22239 9213 18451 10356 5270 3787 28939 29091 27653 29132 1376 4314 15608 10601 15462 14963 7028 9828 32104 0 12626 14899 17091 6540 23671 19704 18677 15019 23688 13900 15638 1223 18772 28692 13464 3754 1776 32153 12630 9599 23565 2514 4496 26429 31384 22772 6181 11861 22162 22839 2323 15007 26418 24297 
28081 16772 21431 31307 7288 11234 13506 27134 15137 5090 2324 16202 24249 28646 3294 10154 6302 32363 27895 9130 4602 896 24191 20476 138 31357 22978 17609 22692 4081 31838 32581 24696 30684 22185 2438 2198 29727 10317 21654 11696 7984 20533 30919 10145 20242 29613 20550 18863 9349 8388 8179 14349 6778 28661 17008 13988 10697 26887 2424 21780 21798 12082 18803 7157 12626 0 24088 4742 6214 9838 14706 30778 1835 6963 25467 981 8428 32716 15029 29677 26078 12656 7797 13025 18480 11897 17413 30434 3242 27794 4603 6465 14250 17444 7640 12538 16988 7427 10211 
2869 21990 18711 22184 5557 2496 8377 11888 18839 13998 20854 16869 14701 5832 6035 23693 16826 5975 25286 18581 30724 23447 24043 1975 4138 23739 7928 4961 11256 19250 4915 26643 18681 5417 31651 24584 16524 13905 3524 8474 3642 13538 3199 8672 20551 28640 27992 2585 13959 8861 24042 29261 21363 16767 15760 18097 892 5123 24422 20812 24224 12290 10352 12120 26682 14899 24088 0 14486 10899 2352 9638 22105 9700 19907 26170 14165 17183 1211 14230 25334 29498 14889 39 2641 4757 15278 15747 22529 14023 17910 25174 6724 22443 29303 19853 9047 8106 24938 18113 
29079 31635 14891 22383 26733 24384 4302 16323 5879 6225 9678 5478 22630 3135 9106 2227 19703 1638 25555 6413 4306 9052 32162 31440 23089 1664 29869 6536 17092 3542 28094 2657 16469 30738 3204 735 4264 12530 24214 10191 7333 14289 30645 18558 5816 21626 9041 23080 22649 3642 20303 18355 17288 6457 5130 27037 10683 11785 32152 14900 124 32640 31310 6661 25452 17091 4742 14486 0 9705 1381 26198 15656 8126 18894 5706 23439 4175 17752 28378 26032 3822 10433 28527 14268 11691 28951 1783 10834 16367 20292 10785 1063 3931 20183 7637 18682 6881 18452 12790 
23037 12580 29181 30706 31300 11691 16271 13322 3289 411 32755 8323 6078 25662 29020 5782 5082 7466 26133 25649 2288 104 24598 18753 9682 30165 2773 23085 10450 4041 1886 27554 11386 29943 16038 27542 11389 8596 11804 19335 22252 17340 25218 24580 32173 14097 5371 22895 15402 25509 7781 14849 9542 1050 13544 27918 3477 5895 10191 25483 17868 32670 3479 22989 22902 6540 6214 10899 9705 0 12292 1484 30314 18447 15399 6054 28899 1618 31732 13003 10546 14949 7776 241 31861 30856 14961 15934 6018 18926 18589 26267 20962 32292 24161 17976 28946 24004 2085 14687 
