100 0 0 0 0 0 0 0 0 0 0 0 0 0 0 0 0 0 0 0 0 0 0 0 0 0 0 0 0 0 0 0 0 0 0 0 0 0 0 0 0 0 0 0 0 0 0 0 0 0 0 0 0 0 0 0 0 0 0 0 0 0 0 0 0 0 0 0 0 0 0 0 0 0 0 0 0 0 0 0 0 0 0 0 0 0 0 0 0 0 0 0 0 0 0 0 0 0 0 0 
0 24647 5257 32292 3690 31614 16930 571 23586 22075 28926 26859 21357 3469 4175 15195 4896 11979 17054 30102 8337 4439 28914 29410 29669 11415 9026 27747 30622 9776 18972 26096 18276 5253 26006 9524 14867 12655 13684 3849 774 31037 24219 1808 30369 29165 12725 11668 15908 5804 32548 6048 1710 9099 9260 23901 30606 15747 15708 6833 31697 12971 10812 15893 11017 20151 20029 16822 23898 32691 15068 10959 14026 18176 12056 27461 13769 12943 6166 387 4351 23133 32530 29335 28756 7726 4232 31373 19781 8076 10402 3851 1636 13314 4324 4141 29232 19349 23318 17313 
24647 0 15141 28270 4303 13909 27759 19550 27273 22399 12436 19100 22116 12575 4525 22049 31766 12825 25812 23617 27851 23610 16543 30100 11842 12865 9180 23075 27687 32045 18574 2774 27571 29897 24360 23580 7553 6005 11784 19932 27059 15670 20790 23707 4677 12800 5725 14319 18352 25410 12553 2595 19394 27826 17185 15658 16059 4186 30119 26824 29355 26082 7599 22014 24843 19743 10652 17335 7834 28636 21154 22704 27002 24295 20087 28332 11658 5727 32091 8920 6917 30011 20554 22396 11099 29726 25472 4834 12366 10073 2349 26507 18768 22592 16505 20879 23323 16817 21690 13652 
5257 15141 0 30304 8624 32045 1633 23473 26785 7494 26248 11215 153 11627 14548 18044 9701 23582 2023 32622 368 19498 23278 19853 30575 31359 12656 7787 843 7762 31316 2563 19662 24437 21043 25269 25233 32498 5344 23937 17828 19950 3637 20098 12926 3772 22047 13741 21287 7232 9196 6091 18084 29574 9426 24500 10659 31650 8643 17357 3174 10185 111 27587 500 20400 27546 21128 13438 23075 11935 8333 11022 5609 4164 31297 11382 23767 14528 32458 27511 23858 28425 29442 26672 9546 14691 21684 13001 19795 11557 21015 31584 23429 31180 24970 6963 15991 31557 30097 
32292 28270 30304 0 27662 32378 17326 8945 17565 19498 16693 11472 30684 29037 20813 21460 30355 12593 30270 2504 28850 27268 31149 26600 6475 22274 10554 9324 17107 23169 8539 26449 20377 20474 17018 2665 12934 32698 11341 4262 31766 10953 23413 24739 12182 22426 17754 3699 23710 19444 3652 16557 14545 24607 13757 31926 13779 5970 21798 26193 20362 10588 19608 15972 3737 27025 31228 11533 31513 14071 22125 8932 31641 25008 5580 23953 23640 12714 9380 23441 31425 31365 8256 19268 20774 26819 9482 16698 24256 29750 3878 16830 10215 9126 2383 27043 19085 3522 1520 16973 
3690 4303 8624 27662 0 1347 10574 29238 30544 26628 27517 21933 17118 28896 28419 28485 26020 11200 1657 25288 4038 25895 30557 10932 18681 7921 13376 26514 3026 20815 27693 4504 25680 13314 7004 26754 23980 3030 2328 15788 19295 14433 24301 29811 14708 32252 17686 21709 4112 18434 12325 3110 13886 24391 19443 30846 16382 20699 12233 6591 29584 255 18383 17763 12797 9831 8117 30790 3814 10673 31392 25288 9104 9509 25687 2854 26928 174 10157 8729 9843 26136 22064 26031 15440 2443 19731 11881 24081 584 25433 661 159 12193 11586 19438 3341 26173 249 2929 
31614 13909 32045 32378 1347 0 8967 18252 28406 24405 28138 19047 22570 28046 28078 30328 21199 13615 24118 13457 20144 21403 18360 682 4570 30511 52 30100 5824 3143 11571 5151 24721 20883 16836 30601 25048 24476 13491 23849 20821 28560 27403 5468 2331 27989 4814 31663 19434 8397 27123 25678 3278 31334 11680 10924 5368 20197 11688 19827 9179 3699 16454 17325 25994 17127 4635 30515 23376 24917 3685 4182 4752 15063 23424 32459 17886 6298 10146 27612 17502 20268 16850 460 15196 21764 15145 13449 15916 10322 3148 30616 10308 4104 31528 3389 13719 1063 15599 23274 
16930 27759 1633 17326 10574 8967 0 10636 28083 2939 4675 1400 23363 11810 698 10360 807 14912 12068 6664 21876 3800 13524 22506 10347 17672 18613 95 3625 22757 8732 28838 18317 7317 28881 5044 105 20910 10843 23861 16620 1229 14988 11459 16462 1914 25421 5477 1213 9275 22442 17738 31879 26870 24095 2501 31881 9099 1572 11147 20438 27825 15607 7979 17579 23824 19881 17870 25234 18591 6250 14897 13781 7231 3352 26078 23589 14744 13574 23217 16010 27955 22537 11402 9356 23256 2248 18255 3235 31785 9284 32036 30172 3455 4260 18669 1740 1284 18246 260 
571 19550 23473 8945 29238 18252 10636 0 16799 14508 21510 4853 22318 4477 1820 32539 21957 24803 8084 17825 28375 9284 25515 17971 26189 25525 20425 20475 16774 10089 1569 13871 7824 3676 7308 21470 12200 29246 25767 2806 5871 17572 2602 2713 7790 4461 9098 26785 2124 21106 4306 23152 29517 114 17597 6396 3981 3388 21528 15386 8062 13085 26454 6410 286 17803 27252 28739 15229 28434 5903 30336 19566 2175 13506 1290 12940 30026 11204 32070 28527 12617 17858 11138 32303 31634 14585 13563 31257 19120 22935 23858 29104 30217 3411 11888 8678 16526 23882 20887 
23586 27273 26785 17565 30544 28406 28083 16799 0 9310 11587 20254 10554 23895 2901 11005 4460 15780 8581 10633 28944 15816 660 24815 26712 2865 10167 9695 29720 22519 4549 32230 22548 18133 20385 17422 7307 12135 5610 23475 27394 13988 21472 3495 22101 30622 29081 27529 23035 14457 9060 21858 7321 26537 32381 32128 16841 23919 15090 1686 22315 7573 20180 6164 10413 5479 20129 1220 2070 4597 16113 24485 21464 27271 17247 6923 18710 7009 22202 3574 27891 19640 30828 31666 6429 499 31529 31152 30618 27941 24795 20388 31185 8906 28621 11743 5850 10688 27926 21997 
22075 22399 7494 19498 26628 24405 2939 14508 9310 0 1322 19128 8546 10364 30401 30439 26787 7887 27425 6568 14571 5712 14778 4324 11734 30114 27548 22524 27157 1646 2034 8374 2190 8563 12482 21865 21427 20941 3042 28779 24353 31621 13373 21690 24445 20825 12103 5097 23691 9677 8893 19789 6543 25457 18081 4712 20455 14451 20341 31892 6120 16744 19638 24564 7161 16215 14235 18327 29166 9478 11790 9965 13990 1928 5610 27759 18406 15878 9334 24969 14455 15564 1569 971 23167 30615 8831 17231 31772 22301 14467 21100 12870 3549 20222 29340 19941 22568 13655 27306 
28926 12436 26248 16693 27517 28138 4675 21510 11587 1322 0 28125 28407 18850 1958 18347 5738 6327 1139 17910 2226 17968 22038 11703 15980 4437 17233 24698 17393 15701 22926 16796 22018 15658 1714 24518 11191 31147 20003 7848 6569 3569 25879 23801 31325 5615 16926 21167 2035 27468 27633 9083 4879 27779 4988 24967 17160 10813 17705 31858 19278 5869 15727 22667 16928 5293 11419 2637 1134 32087 30172 29210 21260 231 13716 13371 5400 30223 6877 18712 27564 31003 24666 8627 711 29959 28735 7274 19320 29406 32675 17900 2892 19285 11524 8827 27898 5799 28186 31588 
26859 19100 11215 11472 21933 19047 1400 4853 20254 19128 28125 0 8511 29283 26927 3654 15616 1974 26813 6773 10885 20501 839 2452 23978 29725 32439 31727 5141 2472 2556 7517 12080 66 8091 6357 1635 16077 5776 2867 11670 24179 32105 327 27621 11979 7077 19742 24229 28495 13641 16020 1175 27133 27843 2841 11626 23371 24324 28866 2422 21328 21975 24723 21942 31792 11399 15371 24583 29127 17073 29168 24479 5785 6501 1628 24015 4601 30339 21000 11003 25464 10836 1239 7130 14224 21351 14244 2794 27024 15533 6480 23094 24265 12759 774 29003 9978 26095 32721 
21357 22116 153 30684 17118 22570 23363 22318 10554 8546 28407 8511 0 22453 7897 19568 6896 17861 13067 25199 15365 21508 24022 30123 28762 5458 16099 5748 5871 27079 989 32620 1143 26998 12450 27365 31908 15206 23726 27257 20150 5325 4549 7402 24897 23694 14303 24124 14653 12020 14936 19984 18515 15792 21079 18499 3686 18448 8830 11206 23136 10112 4051 3007 13886 11334 1005 9953 19038 18041 1123 16648 17415 14146 19313 15127 2872 18006 19947 1301 21429 14259 23142 18054 21838 32153 15780 22790 14194 25291 6208 28972 31732 10502 20891 4509 29980 22465 21509 9326 
3469 12575 11627 29037 28896 28046 11810 4477 23895 10364 18850 29283 22453 0 27195 26099 10168 18148 5838 1294 25419 22732 11513 11853 31933 21372 14709 7469 20285 29077 17389 10040 12769 30418 9847 11242 15297 6926 1364 32227 7761 31893 25319 12621 12803 9647 3059 31631 4380 29033 22553 4147 23766 23462 31376 10005 2231 2149 24357 6092 18480 3668 20341 13917 31352 20629 23657 23837 12458 29647 18418 20454 10780 14968 27397 25726 25346 21600 21465 7235 4419 28033 6239 6939 11163 2053 6401 10138 22257 28056 12191 8308 22009 17391 1734 4901 22285 4248 5426 24543 
4175 4525 14548 20813 28419 28078 698 1820 2901 30401 1958 26927 7897 27195 0 16274 31371 15446 27378 3255 22550 30825 21388 23016 2348 30802 8691 28503 21425 15194 19736 31773 29395 4743 21924 30321 15036 3955 20171 4135 31099 23913 4690 31595 16687 24773 27614 31679 1910 14476 18303 32562 17940 32329 12155 15329 2279 24618 9567 3507 5385 29019 8771 4175 5446 19618 19036 12641 30657 25915 8135 14094 26850 8693 16532 30388 6018 7821 31761 14309 11864 12105 19288 32678 11942 728 31002 16355 6175 32360 1196 10038 2587 12296 3155 3288 18942 29504 19148 13542 
15195 22049 18044 21460 28485 30328 10360 32539 11005 30439 18347 3654 19568 26099 16274 0 4028 12674 23020 18843 17 12456 21136 12807 4681 24004 905 19015 11884 28010 7736 13828 8602 22525 13259 5256 25351 32030 19164 4935 8505 2135 29514 4011 4992 775 29783 21540 19382 16272 28930 15471 1080 2494 7846 19749 9764 18554 27091 2695 979 31920 9580 6792 920 18813 8193 32283 14010 29084 15213 28094 6319 30226 25267 9542 29339 16919 31253 10987 7944 4167 9589 23959 10725 29961 240 22123 2244 14912 10168 27026 26447 30768 9521 21065 17418 6066 11343 22062 
4896 31766 9701 30355 26020 21199 807 21957 4460 26787 5738 15616 6896 10168 31371 4028 0 20902 19905 28675 25211 8154 12606 18058 25123 7102 25222 30689 21868 20555 19173 17980 6372 20997 15679 3568 11230 1212 9530 15826 30908 7551 15270 8655 20603 7392 27695 23499 25984 15727 22597 9919 20897 4719 9035 16397 29558 21213 29695 4902 12001 3236 22313 862 23770 15385 28550 28685 30336 956 7926 20202 18268 49 5348 30884 13047 29819 28149 962 22943 19067 20724 18876 10357 9128 13565 29273 8378 30223 15592 8522 25178 29070 21496 8710 17848 10572 30659 11752 
11979 12825 23582 12593 11200 13615 14912 24803 15780 7887 6327 1974 17861 18148 15446 12674 20902 0 26406 7038 9181 13030 9777 26959 3509 6221 31620 23495 11401 1771 29412 25788 24283 2079 16471 159 14308 10354 25248 15714 22190 24992 13817 19117 9073 7139 29455 32577 3890 21121 22082 32683 12697 10137 27421 29228 24850 29481 14354 27624 8487 6499 18042 845 797 13361 17101 13254 21708 23557 12573 32416 14786 7141 29144 30012 2715 23734 4797 6261 5786 21448 10271 14675 9099 16546 10840 18161 18397 1551 5008 13739 31482 27240 14767 27531 30697 2851 8351 24053 
17054 25812 2023 30270 1657 24118 12068 8084 8581 27425 1139 26813 13067 5838 27378 23020 19905 26406 0 23335 32450 7820 26575 31561 25482 15069 2845 12840 11718 9721 1603 16628 9569 12014 30497 15887 7458 18515 23647 12363 23897 31269 19776 3687 23498 3556 27816 24267 27869 20717 25451 29570 23046 2329 28120 32377 2418 30614 18565 31222 8947 1541 2139 8538 24110 31189 10724 30234 26114 18910 25556 3322 32058 29249 2262 8075 20597 25214 1176 7655 8533 25045 16408 15532 14055 1505 31024 15157 16210 6003 22879 24095 3779 427 22489 23035 26519 10077 13009 10831 
30102 23617 32622 2504 25288 13457 6664 17825 10633 6568 17910 6773 25199 1294 3255 18843 28675 7038 23335 0 17954 22826 1859 17648 6812 5987 5960 4154 5501 7665 10689 21905 29880 32287 30529 28348 23206 22422 21243 30004 15881 29391 13146 13228 29247 11450 2273 14045 17349 8110 32581 2454 25838 13715 1224 26628 9956 3917 13271 30269 15071 28012 31462 17939 30629 1553 7819 14358 24385 29731 29145 1001 24838 11186 24830 29642 5062 8107 10783 8028 25679 1212 24690 12726 29734 23945 5533 1713 9350 15376 17742 11116 2458 25689 24346 3619 16890 15458 2714 26930 
8337 27851 368 28850 4038 20144 21876 28375 28944 14571 2226 10885 15365 25419 22550 17 25211 9181 32450 17954 0 11470 27371 24043 17701 20067 8658 23569 24190 7373 26470 27295 6509 10463 7004 25964 32463 27978 5776 13888 31575 12117 299 12339 14036 27613 15896 3396 11972 3215 6057 27196 24601 24932 6533 23748 3145 6749 17364 32708 26012 15744 941 4607 11953 21777 7358 748 6482 21012 28733 2517 28793 24323 19727 9013 22945 7884 13622 4174 14673 5133 17536 13578 1766 11410 9325 28691 7071 11534 14687 18740 18670 31000 29960 4594 16893 29545 31248 21606 
4439 23610 19498 27268 25895 21403 3800 9284 15816 5712 17968 20501 21508 22732 30825 12456 8154 13030 7820 22826 11470 0 27930 4890 10743 14362 5445 26968 31672 31068 13134 1719 16598 30230 19396 23587 20197 28967 7369 18865 11522 32424 19338 31887 15850 11506 20987 26152 8280 21744 10455 14487 24996 7590 27095 5197 24216 32513 26160 21253 28309 20448 27986 7144 13542 11107 16351 11516 13411 14707 27369 1489 329 9873 1904 24430 11608 22242 6682 7545 18990 8314 3892 9381 7650 6376 3816 16992 26084 16898 9664 4540 17427 8690 32090 2462 12831 4737 8556 8229 
28914 16543 23278 31149 30557 18360 13524 25515 660 14778 22038 839 24022 11513 21388 21136 12606 9777 26575 1859 27371 27930 0 3417 4908 12667 24872 17997 4421 28664 2432 25814 24817 8892 1488 18652 28896 10324 421 14796 1072 22701 29800 31958 9240 14821 18474 8035 28373 16240 19373 12756 28628 28527 15286 28289 27936 2636 28562 2288 22030 4249 29926 8533 16167 17194 9914 6217 5973 31088 3015 16078 593 27159 2048 7811 1099 16867 11615 22051 27355 9414 14321 17987 7975 30022 292 2635 19797 32269 30287 31156 3379 22993 24194 11652 30755 13670 31630 17926 
29410 30100 19853 26600 10932 682 22506 17971 24815 4324 11703 2452 30123 11853 23016 12807 18058 26959 31561 17648 24043 4890 3417 0 446 14778 11385 23419 18208 24632 16346 9911 30928 10717 20883 11403 15467 17771 27944 8096 32584 11923 14224 2650 20849 32612 10953 24430 10465 8950 28601 14755 2303 21847 29255 22247 19035 7349 3002 6806 32423 10188 24400 8966 11511 15762 17698 15957 25148 10785 24374 19062 20989 21732 13540 19577 856 27652 28782 19225 17976 20756 6874 14476 27863 13051 29203 30598 1398 289 13631 18317 4187 9181 866 9348 28171 9758 10291 25970 
29669 11842 30575 6475 18681 4570 10347 26189 26712 11734 15980 23978 28762 31933 2348 4681 25123 3509 25482 6812 17701 10743 4908 446 0 15370 6281 10364 18295 26734 32230 12810 22288 20336 11655 28315 19655 17789 6730 27498 31883 3377 29630 15217 29482 4878 25432 30156 7334 1405 28375 9806 15800 1286 11252 3169 3236 26827 12622 17442 30015 21322 28819 13756 21566 4947 26098 26371 13761 3398 18624 2900 25375 10385 10601 28076 19442 32104 10393 4359 5733 16070 13227 8955 25277 7332 29265 7316 3621 6776 20868 11633 190 5617 22446 19742 21221 31216 11797 3763 
11415 12865 31359 22274 7921 30511 17672 25525 2865 30114 4437 29725 5458 21372 30802 24004 7102 6221 15069 5987 20067 14362 12667 14778 15370 0 6530 10696 4202 1371 15528 11293 24424 18242 5412 24831 27751 8630 18962 28977 10191 27608 12655 19761 29792 28685 18577 8738 25674 5134 15593 30710 31883 14389 252 25824 6797 23046 10654 504 22527 17915 3953 3375 2290 25748 28829 25717 12343 28318 3792 17960 1528 5315 1400 704 27797 26194 21567 3000 28608 847 22982 3006 10715 26044 15014 29726 11152 20009 28835 11115 16818 8058 32306 18799 13651 13816 557 3157 
9026 9180 12656 10554 13376 52 18613 20425 10167 27548 17233 32439 16099 14709 8691 905 25222 31620 2845 5960 8658 5445 24872 11385 6281 6530 0 806 2202 3221 293 31986 24330 6624 78 8269 24157 4206 17058 16794 12492 19987 22557 21267 21132 970 7080 13825 19067 28057 2273 4151 20492 25764 27947 25044 2676 10128 16377 22328 21780 29978 11862 4934 13609 21750 9655 28123 27826 10988 27141 25230 22177 28720 741 11178 30790 12034 3146 17768 29687 7302 13884 21873 18691 27876 32746 12946 3288 15779 31213 2240 2419 12866 7134 21839 27912 7959 31003 14190 
27747 23075 7787 9324 26514 30100 95 20475 9695 22524 24698 31727 5748 7469 28503 19015 30689 23495 12840 4154 23569 26968 17997 23419 10364 10696 806 0 21534 8406 12050 21431 20569 22712 23420 7783 3373 12297 30948 5008 22947 9152 24963 20856 5068 12374 19408 14900 11966 6704 31007 25398 28878 10062 21112 17430 26126 13876 4020 12448 17161 24088 17630 27166 13244 1101 29127 21479 21208 4846 28650 5927 17718 15566 23170 16880 13722 31392 19689 11649 11435 11618 4915 14293 306 4622 10506 7278 23697 29315 8907 30819 3974 16304 23778 17831 13089 258 3426 22939 
30622 27687 843 17107 3026 5824 3625 16774 29720 27157 17393 5141 5871 20285 21425 11884 21868 11401 11718 5501 24190 31672 4421 18208 18295 4202 2202 21534 0 23158 31244 8269 15673 2376 11227 12729 19729 27682 3899 23241 10020 2256 14062 8666 31023 31639 27133 3801 4833 19957 2018 3235 6953 31133 8691 3233 10434 21425 30225 18591 2556 23617 13969 16108 18380 11779 19306 17592 12310 2644 30880 19113 29497 15726 5615 12222 8411 22251 17339 15975 4085 29305 18742 12261 32290 3295 2003 20959 29220 8495 12267 10821 11702 2636 8877 13673 15000 25758 11594 6746 
9776 32045 7762 23169 20815 3143 22757 10089 22519 1646 15701 2472 27079 29077 15194 28010 20555 1771 9721 7665 7373 31068 28664 24632 26734 1371 3221 8406 23158 0 1549 457 16348 15552 11574 18893 22809 3207 5652 31167 27713 21957 25612 6905 22607 20122 17077 19231 29540 5753 26963 2059 6883 7485 32399 13560 6606 20844 22651 17645 354 8650 21702 13931 20465 7712 17723 19546 512 17230 11391 12337 27040 16014 18186 26980 26641 13322 7270 22034 26004 21664 5286 4334 9103 20211 20009 28781 17639 26550 12176 2865 10393 17716 29180 28085 29338 14883 8075 27961 
18972 18574 31316 8539 27693 11571 8732 1569 4549 2034 22926 2556 989 17389 19736 7736 19173 29412 1603 10689 26470 13134 2432 16346 32230 15528 293 12050 31244 1549 0 6601 31005 28049 18735 23203 32728 31993 1120 31530 17148 12069 3587 18942 11528 237 8515 3553 11273 8225 22344 20983 28995 26213 27647 1601 11809 32340 28203 12374 31326 3796 9899 10340 20340 2231 17165 7782 17732 29330 3923 25510 31750 20193 19204 13430 24435 30811 25974 32298 12080 4243 11609 23896 30846 23759 16262 20562 27935 11564 16649 23011 17290 10738 12397 4169 3154 9011 23111 21618 
26096 2774 2563 26449 4504 5151 28838 13871 32230 8374 16796 7517 32620 10040 31773 13828 17980 25788 16628 21905 27295 1719 25814 9911 12810 11293 31986 21431 8269 457 6601 0 29454 26973 28373 28508 24900 1973 20387 26484 32707 1078 4057 8760 14525 19151 1061 11341 12480 28031 25664 5690 14252 9155 11409 750 16881 19265 15873 1423 26125 21942 22560 23178 6725 20508 18808 18390 11938 28447 29233 12427 16174 19650 29925 10147 6767 17228 12740 3598 22563 4472 26603 2044 7230 13277 6401 21861 16928 8090 2835 23005 27674 19013 1201 24470 13091 11029 8009 25013 
18276 27571 19662 20377 25680 24721 18317 7824 22548 2190 22018 12080 1143 12769 29395 8602 6372 24283 9569 29880 6509 16598 24817 30928 22288 24424 24330 20569 15673 16348 31005 29454 0 15216 17444 9266 22901 8316 3923 28325 11514 15266 4113 3167 5995 25031 30154 29857 7957 19098 20412 8203 26948 16982 22569 3325 16024 22457 1213 22067 650 16959 2113 14235 27192 31906 12672 7545 32376 20374 21369 6589 13596 18624 8902 23459 11649 23032 13388 1420 23646 7360 2339 32028 13003 30211 21447 4499 3215 5649 25215 5232 29102 4314 23309 16451 30514 2665 13207 2513 
5253 29897 24437 20474 13314 20883 7317 3676 18133 8563 15658 66 26998 30418 4743 22525 20997 2079 12014 32287 10463 30230 8892 10717 20336 18242 6624 22712 2376 15552 28049 26973 15216 0 6310 4766 816 932 13 23514 18274 8949 12138 19801 22443 14716 20525 27083 1369 5910 20809 2236 25009 16135 13740 14716 24842 19975 4859 28493 9256 14221 15506 25295 986 26203 22202 21673 15061 3145 20011 7544 18898 11605 28613 14076 29158 12779 7306 10880 24866 3185 21983 4233 28011 15893 7683 3522 31130 18138 26831 31014 24790 19680 6318 5999 1073 1779 17375 6079 
26006 24360 21043 17018 7004 16836 28881 7308 20385 12482 1714 8091 12450 9847 21924 13259 15679 16471 30497 30529 7004 19396 1488 20883 11655 5412 78 23420 11227 11574 18735 28373 17444 6310 0 11969 22535 2148 8687 5902 27633 28648 7631 17484 7423 11575 30844 13586 2741 11242 20240 24177 15799 27236 17329 13094 11889 30639 29021 20253 22788 27541 23285 810 2676 13570 8584 15618 21263 23192 3552 1919 18976 2451 14673 7955 3796 3807 25025 22157 12907 5750 13555 18443 30626 19711 7959 3646 4960 16292 26774 484 23200 5683 12058 14210 2462 887 1500 14690 
9524 23580 25269 2665 26754 30601 5044 21470 17422 21865 24518 6357 27365 11242 30321 5256 3568 159 15887 28348 25964 23587 18652 11403 28315 24831 8269 7783 12729 18893 23203 28508 9266 4766 11969 0 2204 2928 5573 31588 21791 15678 10243 18757 10749 12133 18648 21339 11862 19848 8996 1898 21232 17391 4005 27429 28216 30190 27027 2493 12409 1426 29051 16551 27738 22669 23136 30636 28573 18019 23823 4151 26645 23509 28097 6105 4327 24461 28663 2592 9221 1034 1170 11673 19432 29390 20016 22562 4492 7366 18382 9844 688 31737 2459 29424 3150 12915 6169 6057 
14867 7553 25233 12934 23980 25048 105 12200 7307 21427 11191 1635 31908 15297 15036 25351 11230 14308 7458 23206 32463 20197 28896 15467 19655 27751 24157 3373 19729 22809 32728 24900 22901 816 22535 2204 0 14996 19651 28992 15988 16857 6446 30353 24197 26348 27868 14034 21447 7053 159 16868 27606 9367 19629 11485 9310 26303 31438 31071 15980 32653 11719 24376 21752 26267 18949 21563 17074 4876 11148 28253 25357 24911 29986 31762 31369 13589 25783 28392 21060 5007 22807 29797 21187 12780 29907 22814 10748 13329 2668 4632 18600 6042 15809 2146 17094 1809 1722 754 
12655 6005 32498 32698 3030 24476 20910 29246 12135 20941 31147 16077 15206 6926 3955 32030 1212 10354 18515 22422 27978 28967 10324 17771 17789 8630 4206 12297 27682 3207 31993 1973 8316 932 2148 2928 14996 0 21371 14600 22413 4766 9866 3317 5911 17300 11956 21869 28712 24402 21812 5944 23075 31285 27161 24712 6446 31246 32186 742 13396 15158 14969 9817 25052 7378 15036 8664 1511 98 5928 17649 8015 2191 10528 32442 16063 9013 15741 3575 25614 10926 13198 9869 24032 10849 17489 14374 1919 4746 28147 16933 246 26443 16261 24779 15727 14067 256 32682 
13684 11784 5344 11341 2328 13491 10843 25767 5610 3042 20003 5776 23726 1364 20171 19164 9530 25248 23647 21243 5776 7369 421 27944 6730 18962 17058 30948 3899 5652 1120 20387 3923 13 8687 5573 19651 21371 0 28617 488 22338 27470 13857 28887 11154 22516 21198 31702 30520 25045 23077 23603 5197 11963 31041 19943 21898 9356 30780 7494 18202 19476 12458 20968 14780 16147 13402 8918 29725 28038 8271 8184 9843 17977 22524 15549 31837 3724 9407 10252 26873 30084 30112 7531 2374 11797 15178 7021 14524 7342 7240 11104 13353 25605 32132 9782 26317 23844 6909 
3849 19932 23937 4262 15788 23849 23861 2806 23475 28779 7848 2867 27257 32227 4135 4935 15826 15714 12363 30004 13888 18865 14796 8096 27498 28977 16794 5008 23241 31167 31530 26484 28325 23514 5902 31588 28992 14600 28617 0 788 11377 26664 24582 1893 8870 26257 29316 24969 32726 26757 5395 18250 12317 31446 31062 11114 28360 26372 20719 17567 29635 15066 23054 15569 16960 11851 23350 1169 1195 905 6738 1757 8653 15718 6904 14610 30527 18415 12284 17201 25873 28486 11320 15445 5818 16575 16025 14195 13634 12861 17772 7252 28334 11214 9450 2256 32428 20357 27905 
774 27059 17828 31766 19295 20821 16620 5871 27394 24353 6569 11670 20150 7761 31099 8505 30908 22190 23897 15881 31575 11522 1072 32584 31883 10191 12492 22947 10020 27713 17148 32707 11514 18274 27633 21791 15988 22413 488 788 0 11200 6938 29388 3518 30060 22414 8579 21673 18237 11180 13269 27040 11664 13934 10761 16458 7210 27073 4452 8565 5628 25523 3726 3420 28952 11488 6694 12599 29427 2078 19362 15363 16604 16230 20076 7827 24764 6661 23866 727 17935 26627 24493 1642 10017 20179 1581 1121 5773 17212 3 31314 7411 23686 10166 21667 20216 27880 16810 
31037 15670 19950 10953 14433 28560 1229 17572 13988 31621 3569 24179 5325 31893 23913 2135 7551 24992 31269 29391 12117 32424 22701 11923 3377 27608 19987 9152 2256 21957 12069 1078 15266 8949 28648 15678 16857 4766 22338 11377 11200 0 9465 18184 15447 17799 14921 10510 4940 5806 1469 6364 29054 21762 6685 5649 22561 29728 30288 21062 26112 11049 10714 505 24726 6355 18839 5819 879 24242 12472 20119 12736 16328 18941 17605 26181 3659 23861 28560 32090 29877 7411 14212 13660 26129 28817 5084 321 16771 13929 22570 2422 29976 31314 8007 30456 11216 23640 32636 
24219 20790 3637 23413 24301 27403 14988 2602 21472 13373 25879 32105 4549 25319 4690 29514 15270 13817 19776 13146 299 19338 29800 14224 29630 12655 22557 24963 14062 25612 3587 4057 4113 12138 7631 10243 6446 9866 27470 26664 6938 9465 0 10976 19601 27297 3189 22535 16713 6941 20839 22029 51 2044 2327 25796 12580 10653 30911 8975 19499 23240 29891 19492 28227 7309 29309 14595 23356 29790 13645 25141 22758 16491 25312 24009 20351 7741 2751 5515 23390 16277 27931 12678 15328 18821 3287 29372 19346 6608 22742 31268 28064 3710 30853 14308 7293 11203 1963 32463 
1808 23707 20098 24739 29811 5468 11459 2713 3495 21690 23801 327 7402 12621 31595 4011 8655 19117 3687 13228 12339 31887 31958 2650 15217 19761 21267 20856 8666 6905 18942 8760 3167 19801 17484 18757 30353 3317 13857 24582 29388 18184 10976 0 25859 12032 5250 12478 9173 19069 21379 2331 18516 6412 5574 22713 6327 30719 1486 26586 28538 5739 23969 15056 27999 6545 24924 32136 9127 29326 2068 28247 12945 20801 28399 21507 6162 24700 29315 19220 10966 14190 2670 30300 32119 11343 17205 24259 9723 29773 29281 3671 9619 15542 215 12948 27794 10599 26487 20976 
30369 4677 12926 12182 14708 2331 16462 7790 22101 24445 31325 27621 24897 12803 16687 4992 20603 9073 23498 29247 14036 15850 9240 20849 29482 29792 21132 5068 31023 22607 11528 14525 5995 22443 7423 10749 24197 5911 28887 1893 3518 15447 19601 25859 0 11025 30617 4714 30748 1921 1491 25024 7586 13843 11219 21344 19871 2941 15225 24500 28812 31793 8489 6134 32020 24346 25592 5006 26979 7318 6939 24497 16303 1460 1165 19768 8708 20398 10494 14525 18772 28585 14595 10491 19390 21163 3963 24422 13852 11740 1343 14089 17619 25344 526 28064 18390 13619 30391 13045 
29165 12800 3772 22426 32252 27989 1914 4461 30622 20825 5615 11979 23694 9647 24773 775 7392 7139 3556 11450 27613 11506 14821 32612 4878 28685 970 12374 31639 20122 237 19151 25031 14716 11575 12133 26348 17300 11154 8870 30060 17799 27297 12032 11025 0 14285 5087 819 11130 19752 11608 13656 17355 6805 15304 25010 13188 30245 8807 9993 22592 2908 4853 22154 6447 2728 13735 20453 18982 31009 19028 29608 5608 7298 11999 18394 31670 16230 30439 10971 11285 18887 172 12410 20703 27060 13124 1367 3212 18514 20990 29818 15552 1813 4374 27444 19480 318 22426 
12725 5725 22047 17754 17686 4814 25421 9098 29081 12103 16926 7077 14303 3059 27614 29783 27695 29455 27816 2273 15896 20987 18474 10953 25432 18577 7080 19408 27133 17077 8515 1061 30154 20525 30844 18648 27868 11956 22516 26257 22414 14921 3189 5250 30617 14285 0 7746 5907 14645 974 2350 1353 11245 19458 9639 27655 14490 7309 9403 9831 21917 24789 215 24914 18834 30333 13836 30505 12844 11825 3717 2226 30032 30637 16199 32580 30832 1294 20779 25653 14890 29021 4633 14723 10784 13912 2694 16321 23321 32130 13103 21828 27480 6254 26390 23182 16187 11335 19901 
11668 14319 13741 3699 21709 31663 5477 26785 27529 5097 21167 19742 24124 31631 31679 21540 23499 32577 24267 14045 3396 26152 8035 24430 30156 8738 13825 14900 3801 19231 3553 11341 29857 27083 13586 21339 14034 21869 21198 29316 8579 10510 22535 12478 4714 5087 7746 0 5431 17150 922 15426 30314 16533 19790 14897 7307 967 10686 8934 4089 15326 19683 6144 10413 24695 4354 1857 11059 3307 9294 13590 11752 7419 13501 22113 17012 30399 13865 17801 8074 11728 7851 7875 18142 27571 13619 20385 25447 18824 20075 26076 23509 1780 5069 10590 21845 19019 12546 19858 
15908 18352 21287 23710 4112 19434 1213 2124 23035 23691 2035 24229 14653 4380 1910 19382 25984 3890 27869 17349 11972 8280 28373 10465 7334 25674 19067 11966 4833 29540 11273 12480 7957 1369 2741 11862 21447 28712 31702 24969 21673 4940 16713 9173 30748 819 5907 5431 0 27876 31730 2033 19865 22693 7326 5068 29414 23849 13792 11174 27565 30017 2367 30666 21491 6089 28245 18726 8964 21863 14847 10661 27578 12933 10952 16079 20489 31115 1682 23199 29646 352 21895 22180 31448 9251 26174 5466 24119 25126 1841 17865 9411 27947 8542 17759 19184 6113 8251 15370 
5804 25410 7232 19444 18434 8397 9275 21106 14457 9677 27468 28495 12020 29033 14476 16272 15727 21121 20717 8110 3215 21744 16240 8950 1405 5134 28057 6704 19957 5753 8225 28031 19098 5910 11242 19848 7053 24402 30520 32726 18237 5806 6941 19069 1921 11130 14645 17150 27876 0 17124 3085 8199 5839 14660 22593 29903 437 6023 3986 24841 12050 16585 20876 25807 24894 15082 7384 2931 32314 10498 3617 23190 29112 13860 10310 10122 9837 27735 4544 28393 8853 13264 29526 2678 5063 30324 25599 24882 22011 9102 3607 28097 16856 4044 31173 14079 20034 28032 10411 
32548 12553 9196 3652 12325 27123 22442 4306 9060 8893 27633 13641 14936 22553 18303 28930 22597 22082 25451 32581 6057 10455 19373 28601 28375 15593 2273 31007 2018 26963 22344 25664 20412 20809 20240 8996 159 21812 25045 26757 11180 1469 20839 21379 1491 19752 974 922 31730 17124 0 18540 22975 28660 30464 4674 27160 7591 15582 4473 12930 4197 18877 24087 30240 19538 9716 26582 32623 6046 17189 26977 17145 1117 11272 16334 20282 13479 28539 25182 13778 13555 4809 30324 23019 2223 5946 15315 20460 17700 24284 19739 14943 22152 31887 28805 20512 19300 15190 29918 
6048 2595 6091 16557 3110 25678 17738 23152 21858 19789 9083 16020 19984 4147 32562 15471 9919 32683 29570 2454 27196 14487 12756 14755 9806 30710 4151 25398 3235 2059 20983 5690 8203 2236 24177 1898 16868 5944 23077 5395 13269 6364 22029 2331 25024 11608 2350 15426 2033 3085 18540 0 11964 30093 10355 7309 15203 6653 6310 18993 2203 15879 32724 7026 17070 13228 14120 15889 1233 32720 6380 4092 8474 11425 8484 2272 193 27977 23658 17134 6298 32471 16651 12012 11729 29290 20066 16255 26344 19616 3700 6070 25838 9789 21964 2266 24832 14879 23961 27508 
1710 19394 18084 14545 13886 3278 31879 29517 7321 6543 4879 1175 18515 23766 17940 1080 20897 12697 23046 25838 24601 24996 28628 2303 15800 31883 20492 28878 6953 6883 28995 14252 26948 25009 15799 21232 27606 23075 23603 18250 27040 29054 51 18516 7586 13656 1353 30314 19865 8199 22975 11964 0 3541 8982 10613 3451 11686 25041 20077 18736 1662 2982 26908 14067 18185 32386 14704 21785 6734 24054 15306 24142 24687 8552 7256 6361 29600 14200 19636 26926 13669 27312 6078 29625 24591 29551 20405 23017 22648 25367 29340 24187 31741 21621 24779 32009 9915 3439 466 
9099 27826 29574 24607 24391 31334 26870 114 26537 25457 27779 27133 15792 23462 32329 2494 4719 10137 2329 13715 24932 7590 28527 21847 1286 14389 25764 10062 31133 7485 26213 9155 16982 16135 27236 17391 9367 31285 5197 12317 11664 21762 2044 6412 13843 17355 11245 16533 22693 5839 28660 30093 3541 0 22891 16725 30967 11550 28921 14717 6021 9845 15136 8922 31239 10020 8646 8720 30121 16643 25318 16238 1951 6050 5636 31959 5950 339 29166 1265 28251 20345 20148 24460 995 18959 8168 22356 29883 10874 25369 31929 18137 8595 16013 29214 21154 13551 19518 27969 
9260 17185 9426 13757 19443 11680 24095 17597 32381 18081 4988 27843 21079 31376 12155 7846 9035 27421 28120 1224 6533 27095 15286 29255 11252 252 27947 21112 8691 32399 27647 11409 22569 13740 17329 4005 19629 27161 11963 31446 13934 6685 2327 5574 11219 6805 19458 19790 7326 14660 30464 10355 8982 22891 0 14363 13863 16914 17142 18482 12855 21041 23636 12704 2071 5364 19827 6437 1966 23555 8791 11657 29138 12512 23394 5583 8692 8643 3100 5051 5382 6328 17729 5766 31152 6391 5643 14816 13747 32386 12481 27942 3228 7173 32383 16099 21421 21225 11847 2188 
23901 15658 24500 31926 30846 10924 2501 6396 32128 4712 24967 2841 18499 10005 15329 19749 16397 29228 32377 26628 23748 5197 28289 22247 3169 25824 25044 17430 3233 13560 1601 750 3325 14716 13094 27429 11485 24712 31041 31062 10761 5649 25796 22713 21344 15304 9639 14897 5068 22593 4674 7309 10613 16725 14363 0 20704 16654 20563 18135 28476 1288 12417 9411 29489 19215 17836 7544 16051 18586 23027 3477 9714 17557 22371 14841 8783 8388 7059 22607 28062 17530 27008 18135 414 21626 5546 32630 14261 25644 18542 4607 1263 3076 29349 12739 3640 4399 20606 8791 
30606 16059 10659 13779 16382 5368 31881 3981 16841 20455 17160 11626 3686 2231 2279 9764 29558 24850 2418 9956 3145 24216 27936 19035 3236 6797 2676 26126 10434 6606 11809 16881 16024 24842 11889 28216 9310 6446 19943 11114 16458 22561 12580 6327 19871 25010 27655 7307 29414 29903 27160 15203 3451 30967 13863 20704 0 25281 22838 15179 30286 32656 30861 12968 24696 27725 30773 7800 14810 18753 28482 28172 471 22366 7679 25847 26938 3072 25365 12652 28793 229 22013 29910 22855 31855 12967 6840 14176 3607 618 6599 11408 31540 11822 31557 7172 30701 26071 17567 
15747 4186 31650 5970 20699 20197 9099 3388 23919 14451 10813 23371 18448 2149 24618 18554 21213 29481 30614 3917 6749 32513 2636 7349 26827 23046 10128 13876 21425 20844 32340 19265 22457 19975 30639 30190 26303 31246 21898 28360 7210 29728 10653 30719 2941 13188 14490 967 23849 437 7591 6653 11686 11550 16914 16654 25281 0 15054 31415 13928 30529 20197 16891 401 14163 10285 20865 29042 13939 24858 3012 21515 12473 32127 12153 51 13826 15116 1148 10931 18944 29195 12790 16800 15237 598 10706 27132 16139 2203 21858 31631 6279 22483 28493 5890 24687 29439 14011 
15708 30119 8643 21798 12233 11688 1572 21528 15090 20341 17705 24324 8830 24357 9567 27091 29695 14354 18565 13271 17364 26160 28562 3002 12622 10654 16377 4020 30225 22651 28203 15873 1213 4859 29021 27027 31438 32186 9356 26372 27073 30288 30911 1486 15225 30245 7309 10686 13792 6023 15582 6310 25041 28921 17142 20563 22838 15054 0 23629 1819 14597 3031 23594 17767 7599 13821 13944 29301 6682 950 29299 32690 15667 23414 30637 27917 18317 14111 14149 14747 31557 29126 22889 16775 17944 28872 11021 13631 8642 29708 18412 5597 18072 6554 15550 25299 3176 24668 7611 
6833 26824 17357 26193 6591 19827 11147 15386 1686 31892 31858 28866 11206 6092 3507 2695 4902 27624 31222 30269 32708 21253 2288 6806 17442 504 22328 12448 18591 17645 12374 1423 22067 28493 20253 2493 31071 742 30780 20719 4452 21062 8975 26586 24500 8807 9403 8934 11174 3986 4473 18993 20077 14717 18482 18135 15179 31415 23629 0 28463 7457 29374 7065 7858 22854 5651 27856 20281 17246 19244 18255 23076 9497 18650 18774 29277 11303 18606 1393 593 27302 19857 27148 16942 18637 22693 26676 605 21465 10331 26031 26178 5687 24020 17983 2866 25842 9340 6193 
31697 29355 3174 20362 29584 9179 20438 8062 22315 6120 19278 2422 23136 18480 5385 979 12001 8487 8947 15071 26012 28309 22030 32423 30015 22527 21780 17161 2556 354 31326 26125 650 9256 22788 12409 15980 13396 7494 17567 8565 26112 19499 28538 28812 9993 9831 4089 27565 24841 12930 2203 18736 6021 12855 28476 30286 13928 1819 28463 0 18631 3010 16392 5593 19376 28977 15298 21496 2325 24542 5295 9739 152 13506 12610 6982 6870 3487 26627 32081 22566 25894 30950 32147 11154 25702 18666 17853 15893 5495 15349 14234 5654 25447 18670 26645 24357 4964 9243 
12971 26082 10185 10588 255 3699 27825 13085 7573 16744 5869 21328 10112 3668 29019 31920 3236 6499 1541 28012 15744 20448 4249 10188 21322 17915 29978 24088 23617 8650 3796 21942 16959 14221 27541 1426 32653 15158 18202 29635 5628 11049 23240 5739 31793 22592 21917 15326 30017 12050 4197 15879 1662 9845 21041 1288 32656 30529 14597 7457 18631 0 8892 17523 4864 29009 26085 21485 1351 30937 13756 21673 5711 17145 14080 4025 24747 199 28961 5883 11413 19761 10679 18687 6152 3080 8264 3639 5405 4170 9786 15205 23210 5556 20246 17729 8984 22919 13566 12650 
10812 7599 111 19608 18383 16454 15607 26454 20180 19638 15727 21975 4051 20341 8771 9580 22313 18042 2139 31462 941 27986 29926 24400 28819 3953 11862 17630 13969 21702 9899 22560 2113 15506 23285 29051 11719 14969 19476 15066 25523 10714 29891 23969 8489 2908 24789 19683 2367 16585 18877 32724 2982 15136 23636 12417 30861 20197 3031 29374 3010 8892 0 21565 28844 1153 19726 11158 16553 5766 14514 14495 22669 4590 30671 27342 20494 25256 4619 3135 7919 9244 21892 26094 5294 13319 5023 14388 19822 28572 18712 17279 20513 30424 32070 23893 16890 4645 25773 19850 
15893 22014 27587 15972 17763 17325 7979 6410 6164 24564 22667 24723 3007 13917 4175 6792 862 845 8538 17939 4607 7144 8533 8966 13756 3375 4934 27166 16108 13931 10340 23178 14235 25295 810 16551 24376 9817 12458 23054 3726 505 19492 15056 6134 4853 215 6144 30666 20876 24087 7026 26908 8922 12704 9411 12968 16891 23594 7065 16392 17523 21565 0 8566 3751 379 30349 14018 10120 8401 3201 27618 25783 21111 2705 863 17625 26032 21340 25760 28967 21328 7646 25820 29910 14163 31744 6236 30148 2237 12384 10230 23140 11187 24417 26309 2283 14809 26485 
11017 24843 500 3737 12797 25994 17579 286 10413 7161 16928 21942 13886 31352 5446 920 23770 797 24110 30629 11953 13542 16167 11511 21566 2290 13609 13244 18380 20465 20340 6725 27192 986 2676 27738 21752 25052 20968 15569 3420 24726 28227 27999 32020 22154 24914 10413 21491 25807 30240 17070 14067 31239 2071 29489 24696 401 17767 7858 5593 4864 28844 8566 0 30018 14700 18561 22821 25492 22881 3904 10792 26514 20530 6901 25711 32249 15746 16631 9663 30930 19784 26241 25437 2350 15101 7434 26209 17699 6662 20708 15162 26118 3939 26135 24705 15081 26776 24447 
20151 19743 20400 27025 9831 17127 23824 17803 5479 16215 5293 31792 11334 20629 19618 18813 15385 13361 31189 1553 21777 11107 17194 15762 4947 25748 21750 1101 11779 7712 2231 20508 31906 26203 13570 22669 26267 7378 14780 16960 28952 6355 7309 6545 24346 6447 18834 24695 6089 24894 19538 13228 18185 10020 5364 19215 27725 14163 7599 22854 19376 29009 1153 3751 30018 0 6432 12 11170 6823 20757 21188 13116 32463 16153 21170 4579 3565 7159 18497 12926 10455 24696 9523 5737 1097 27618 8081 4243 1778 23219 5589 9945 32450 2462 10325 13729 14705 197 13298 
20029 10652 27546 31228 8117 4635 19881 27252 20129 14235 11419 11399 1005 23657 19036 8193 28550 17101 10724 7819 7358 16351 9914 17698 26098 28829 9655 29127 19306 17723 17165 18808 12672 22202 8584 23136 18949 15036 16147 11851 11488 18839 29309 24924 25592 2728 30333 4354 28245 15082 9716 14120 32386 8646 19827 17836 30773 10285 13821 5651 28977 26085 19726 379 14700 6432 0 16234 28715 19068 26946 4133 1598 25947 18059 2289 4753 23748 29768 14146 18402 18791 21006 8573 16011 30015 19705 9785 13104 29039 19328 32697 21163 9817 5243 10153 16183 14848 32113 5912 
16822 17335 21128 11533 30790 30515 17870 28739 1220 18327 2637 15371 9953 23837 12641 32283 28685 13254 30234 14358 748 11516 6217 15957 26371 25717 28123 21479 17592 19546 7782 18390 7545 21673 15618 30636 21563 8664 13402 23350 6694 5819 14595 32136 5006 13735 13836 1857 18726 7384 26582 15889 14704 8720 6437 7544 7800 20865 13944 27856 15298 21485 11158 30349 18561 12 16234 0 29635 14274 14477 16043 21674 18912 20082 17727 17559 8729 24564 15383 4353 1228 12428 15601 23431 7032 6159 27128 3565 8999 28493 21332 9815 11296 2797 15346 22468 22221 24711 18836 
23898 7834 13438 31513 3814 23376 25234 15229 2070 29166 1134 24583 19038 12458 30657 14010 30336 21708 26114 24385 6482 13411 5973 25148 13761 12343 27826 21208 12310 512 17732 11938 32376 15061 21263 28573 17074 1511 8918 1169 12599 879 23356 9127 26979 20453 30505 11059 8964 2931 32623 1233 21785 30121 1966 16051 14810 29042 29301 20281 21496 1351 16553 14018 22821 11170 28715 29635 0 17871 548 17355 7292 15624 19452 19686 25793 29377 4099 22207 9519 11923 7491 19793 30938 7600 20139 20551 871 30630 13626 12894 31835 28501 5997 23289 15781 11309 29162 26117 
32691 28636 23075 14071 10673 24917 18591 28434 4597 9478 32087 29127 18041 29647 25915 29084 956 23557 18910 29731 21012 14707 31088 10785 3398 28318 10988 4846 2644 17230 29330 28447 20374 3145 23192 18019 4876 98 29725 1195 29427 24242 29790 29326 7318 18982 12844 3307 21863 32314 6046 32720 6734 16643 23555 18586 18753 13939 6682 17246 2325 30937 5766 10120 25492 6823 19068 14274 17871 0 16937 29761 20341 1500 979 13104 10820 15423 29650 28478 14258 17355 6331 30955 26295 22483 31346 7843 27028 17827 21417 7844 17385 2442 17304 29232 20247 21285 31741 24051 
