10 0 0 0 0 0 0 0 0 0 
0 13805 29551 11776 8033 3290 30638 12499 23331 5109 
13805 0 3645 417 26439 21972 6420 28025 27952 9431 
29551 3645 0 22405 29922 22339 30591 4425 12509 14723 
11776 417 22405 0 22174 27794 11861 6338 19907 25396 
8033 26439 29922 22174 0 5055 1472 26892 32509 13811 
3290 21972 22339 27794 5055 0 29995 17856 21628 31091 
30638 6420 30591 11861 1472 29995 0 477 21928 14891 
12499 28025 4425 6338 26892 17856 477 0 21916 23305 
23331 27952 12509 19907 32509 21628 21928 21916 0 338 
5109 9431 14723 25396 13811 31091 14891 23305 338 0 
