100 0 0 0 0 0 0 0 0 0 0 0 0 0 0 0 0 0 0 0 0 0 0 0 0 0 0 0 0 0 0 0 0 0 0 0 0 0 0 0 0 0 0 0 0 0 0 0 0 0 0 0 0 0 0 0 0 0 0 0 0 0 0 0 0 0 0 0 0 0 0 0 0 0 0 0 0 0 0 0 0 0 0 0 0 0 0 0 0 0 0 0 0 0 0 0 0 0 0 0 
0 28358 1406 5256 26002 32276 10481 2791 17599 8442 29862 18771 104 9397 30158 9695 24435 5152 8931 7209 30968 30304 29063 14630 14265 6861 26270 559 15841 7715 31913 9036 9472 5354 31844 28863 22086 1826 9123 2003 30463 10547 13929 6886 9551 32275 22089 13492 301 20151 15361 32485 15780 8895 12115 22489 13896 9820 22822 17330 17655 10629 19421 1186 21457 9306 24055 26230 26488 27864 13031 2402 7564 2494 3637 14350 23393 20158 19669 5345 10498 11751 8390 10892 29802 27217 27374 11226 14592 6154 20276 28342 18259 5440 24286 28284 10519 26799 29997 24964 
28358 0 9117 31516 6212 17032 3581 16317 3510 22718 15185 31028 24197 1001 4726 1913 25325 3623 14188 5856 5019 446 14782 3259 28469 30032 21554 559 16170 11357 10673 26965 18363 18430 11128 14485 12105 991 5247 14399 10464 15229 9769 20074 11780 13217 4653 25872 21434 25628 15811 18026 1753 15811 18962 2953 15250 10413 3545 31029 23613 13994 27739 26377 870 17927 13712 3278 19735 4224 31626 21015 19302 25221 2340 31774 27201 30385 26097 21982 20089 12679 4963 11889 31756 14702 28474 18858 20407 9966 26415 7925 6075 18732 27104 622 22510 15010 16638 5184 
1406 9117 0 27991 10591 21185 17424 15608 32735 27180 1146 31522 30165 12377 19700 8541 15291 18138 23346 3351 28094 28630 28480 10705 4889 6480 15487 28806 32689 27577 25312 26718 29681 10168 27743 5268 5863 24376 2755 31652 9887 21938 4499 13241 31423 5052 26715 8277 13667 31185 28959 19777 15929 24162 7967 4790 25568 797 14797 28364 16253 28029 2059 16419 13983 28305 24488 19920 14164 26128 21789 18569 2699 3229 1923 12563 22700 20823 17623 20460 15477 5795 625 10804 22 23101 26050 8161 24719 5244 22860 7970 29513 23268 27111 6418 2547 4594 26673 9121 
5256 31516 27991 0 27747 11527 30372 25148 29988 21603 28405 3540 32477 27285 4744 29133 3213 19223 27439 3725 30495 19624 11445 3908 24403 20330 20971 31660 30953 16700 8428 26114 6927 13401 8883 20803 16908 25649 23007 19371 28205 17542 17604 31082 3055 30410 30389 2984 20846 16823 21649 24507 15629 26416 16523 17062 8549 29783 16701 5333 27251 26606 28655 18966 2045 19186 14884 474 10564 6004 16997 13229 13808 2491 27729 11251 12343 14231 24548 21732 27727 2567 4102 1993 18709 29966 4184 25207 22014 2513 17978 23820 4670 16116 16671 7144 12599 2870 17940 14830 
26002 6212 10591 27747 0 21074 4914 2818 22853 8235 17744 25788 2832 25641 12121 22419 14744 2896 11009 22599 4559 31188 279 23607 20006 20670 16991 13350 1292 20704 27311 29259 10151 1787 10828 10143 11473 11566 29062 1122 9301 28066 6801 10222 11882 29299 19877 11200 4975 28384 31577 13763 30696 3509 2364 7646 26808 28920 3252 29376 15263 11986 12315 27114 32758 30656 7703 1789 31658 20987 3897 1606 28790 5668 21976 22151 9572 6451 1071 11782 28805 12192 2229 1755 15599 30162 23740 3701 18678 2504 8524 21613 6319 8711 17985 17551 22689 11714 6050 14373 
32276 17032 21185 11527 21074 0 18587 14511 11140 11194 2504 27066 29704 2499 27180 19629 102 7172 14107 24948 25272 15510 10651 8999 21913 1032 19406 10152 16560 20633 32674 7554 11386 29108 4791 17408 12631 13227 2960 14732 11735 18359 7165 15434 20549 17455 25799 14580 16244 14600 30364 17400 28361 5260 15421 22735 27016 21598 14822 31647 8546 16045 19965 6419 3135 8119 24318 16506 7496 18304 8869 5150 25911 17363 27229 3046 26082 4729 8424 26158 25861 18360 25936 25317 19023 25870 28428 9448 21680 23597 10102 21917 13024 31290 9324 26323 19250 14145 28740 3801 
10481 3581 17424 30372 4914 18587 0 8861 6549 20938 2808 22926 17945 101 14350 14094 31967 3388 8008 24782 31940 5615 6980 5106 6183 7620 6218 13891 22344 26605 12357 19604 19677 25882 7937 625 30965 66 2726 12045 22033 22189 23668 877 27775 10052 9664 19920 2041 1308 19758 32354 27519 6464 48 22817 8049 32703 9405 270 13807 3061 18261 18583 8564 29 16693 29508 31152 1047 4823 21664 19110 26485 11948 30825 18950 31436 12316 16379 3788 3128 15038 8441 10008 21296 32211 28989 10319 22411 6152 27650 5491 8147 22380 23631 14271 13000 4526 6310 
2791 16317 15608 25148 2818 14511 8861 0 16100 1302 27662 31195 18405 19163 31942 9227 9402 18763 13252 26705 31034 25524 12316 17390 1974 26998 19688 20283 14822 14118 15702 2671 4880 7656 8177 30353 30586 11528 5427 14010 29970 14810 9547 13711 31067 16852 299 2813 8346 744 27349 7734 2624 26151 20710 16364 24218 6290 26978 14540 29111 28227 22465 2109 12186 27580 10809 20313 15776 4494 14926 9260 32050 17965 15511 18731 23471 31250 3026 1270 7059 25106 31530 5713 748 25597 15303 96 6910 4474 8598 11041 27955 19745 21337 5167 26953 30169 12786 2996 
17599 3510 32735 29988 22853 11140 6549 16100 0 15279 27023 17676 15796 29271 26423 32040 25990 14565 30712 32388 4411 28903 29129 29520 3471 24739 9099 30056 22031 16333 12518 6175 28308 29036 2147 3404 15615 5897 20426 12693 24373 26905 25277 3067 14685 172 16277 3238 14424 32342 32380 5873 1152 14941 11979 8888 8357 27172 13988 224 12612 26327 4307 3879 26633 343 1249 26413 20359 3943 13689 21699 29493 7703 8447 8050 8107 30064 28782 29518 14110 22881 12402 29948 22041 13289 20677 19713 17532 5253 1485 13900 28346 12508 26742 23558 25422 21160 28748 4760 
8442 22718 27180 21603 8235 11194 20938 1302 15279 0 25264 11490 288 29052 29451 25666 2425 17903 11347 15714 6524 6656 13077 5087 20451 15747 14875 12628 20471 24851 24289 24568 9502 6216 14137 11128 9635 20538 31804 27665 24775 30262 32372 30705 25608 19135 20295 5839 25520 7367 19366 5064 4768 26925 29687 2428 13662 6777 15678 17513 15453 25815 18322 22406 29067 31313 9663 16162 1311 4944 8758 11775 1444 1877 11581 24745 3905 29171 24660 4892 15946 8207 17125 29845 12555 16731 15407 13751 9427 6671 24179 3298 31295 12521 30560 19663 11464 13671 4539 26992 
29862 15185 1146 28405 17744 2504 2808 27662 27023 25264 0 28692 17670 13487 20298 8080 31814 30138 14990 9560 26263 20494 1902 8193 22779 11290 32562 11562 26563 12546 28702 8606 27632 11753 13414 14026 2766 9853 24948 22881 7118 20163 7000 1357 2212 548 18574 23257 928 440 8695 22812 12369 1489 23313 27048 6743 28362 24185 10611 5768 8465 23203 6916 27206 22642 6871 11746 21790 32421 26734 18233 22693 20762 28750 14285 23182 25091 26786 19235 32015 16546 29406 23533 18806 21716 30194 6582 2310 14814 27852 27598 26646 9334 25876 7544 16236 8212 10786 16210 
18771 31028 31522 3540 25788 27066 22926 31195 17676 11490 28692 0 6341 1246 22473 1025 4830 25169 17250 17656 2459 28551 27 1117 10860 11105 19719 14859 32199 13732 2895 3401 18203 17175 6463 31878 24055 10208 13460 8534 27766 5152 28676 19628 16109 24268 2062 30552 4310 31437 8963 17092 767 29275 18516 1514 9967 1173 6941 8856 19352 16740 9202 7911 30530 16274 13800 16120 15030 18725 15079 6897 18858 6656 29486 27959 1132 3260 29734 5356 24273 20931 29290 2219 20576 3247 8982 13697 14778 29665 16464 1583 27468 20067 32020 3742 14647 27650 29763 6050 
104 24197 30165 32477 2832 29704 17945 18405 15796 288 17670 6341 0 29677 20809 6927 8524 26265 11787 20484 3520 2849 14743 1648 6431 31832 9705 9394 6578 23390 11187 997 6624 25421 10561 26795 31918 14881 11151 10043 29302 10989 15784 16040 14827 13627 6720 30579 26956 7618 7060 20819 15335 27727 1409 19523 8145 748 1507 22732 32738 14933 1839 31636 1526 12189 12627 28711 20834 12059 13517 22276 23988 26778 15369 15082 5551 22721 7935 31075 20102 5055 13581 23185 10070 23867 24849 25656 2281 14714 13258 13324 16808 25553 16495 27964 31201 22092 32656 1341 
9397 1001 12377 27285 25641 2499 101 19163 29271 29052 13487 1246 29677 0 11196 12921 25041 461 16278 24523 21811 19823 21640 22135 26722 19769 18196 14733 2424 23676 6285 20717 23341 32154 646 20192 14182 5962 19320 5109 16638 30221 18610 3357 4307 19947 14726 2057 18963 14450 26544 6595 8648 27376 14601 29578 9634 8430 7789 16883 19971 30448 3048 29244 10063 12651 26151 31218 7796 11270 4382 31943 15544 27925 3061 27820 24258 6482 17976 53 13035 17373 6719 6958 2758 22133 6362 1401 19436 3575 4672 3114 3084 18199 2105 26852 9266 5982 30089 2933 
30158 4726 19700 4744 12121 27180 14350 31942 26423 29451 20298 22473 20809 11196 0 6509 30087 25978 13203 4514 28907 32163 22456 30865 6964 16054 18259 8825 5957 6834 15385 32301 30501 12120 19464 13379 25687 32380 7008 19323 6778 22921 1764 32369 4130 19541 16977 11909 27124 4903 10014 8202 5127 26630 12149 27565 7546 13123 22897 20776 12881 27464 28314 22312 20372 12194 27549 25722 3497 27468 1103 15996 7409 2621 32740 6338 20641 3636 26987 8712 21475 3778 20620 14935 25901 28825 5765 15994 13279 24595 865 5283 15395 23301 8058 26200 15616 21957 3378 13219 
9695 1913 8541 29133 22419 19629 14094 9227 32040 25666 8080 1025 6927 12921 6509 0 12421 21062 17967 15564 16000 9305 5011 23782 2275 28558 9669 16236 8052 4630 22168 1170 7571 985 23554 13386 8485 23955 8753 254 19134 17963 15565 30350 13074 25173 31630 20871 413 8811 28161 31397 4241 2696 25238 25227 18943 20710 11501 14784 10825 28281 16225 16620 5062 32203 25557 11604 24502 1049 8126 23955 22633 174 3952 23194 2218 24191 17581 24809 3185 9223 29802 28174 20169 32100 32739 3678 24830 31922 9442 26354 22282 11431 24907 14308 21825 20847 21995 21194 
24435 25325 15291 3213 14744 102 31967 9402 25990 2425 31814 4830 8524 25041 30087 12421 0 23901 18774 3252 20154 29745 2929 3177 13721 30732 3469 14047 22353 29126 28007 9574 11636 17943 24901 31511 20230 4158 22998 3235 8182 18930 24136 17248 8410 27784 32426 1936 23279 30565 30852 15859 9295 1958 27060 9360 14452 27917 11659 6847 24812 26670 16423 8313 10845 32218 17426 6372 25019 3019 1563 7193 21960 2704 7028 25655 6348 10427 30220 8621 16022 11081 2862 17091 21170 16209 26714 31337 746 10480 21090 4676 14850 31603 19144 21494 9904 18117 5975 5548 
5152 3623 18138 19223 2896 7172 3388 18763 14565 17903 30138 25169 26265 461 25978 21062 23901 0 15073 11899 24976 15081 28282 29449 30109 19632 10954 9553 20207 11598 21769 19349 23999 2380 467 2999 19188 7836 32656 25556 22962 29900 12832 12574 26659 10633 11210 8441 7045 3415 12134 26713 884 3214 1992 23898 16504 8344 24688 20256 31184 17768 2927 14320 11904 12093 24732 9614 11673 15511 8695 29657 16840 24697 4444 13733 23585 225 9068 26584 18988 1412 31672 19143 17200 4814 7727 32210 22718 11544 457 14653 5761 16427 28788 16977 23876 18164 24638 30130 
8931 14188 23346 27439 11009 14107 8008 13252 30712 11347 14990 17250 11787 16278 13203 17967 18774 15073 0 17304 4909 32115 16033 32674 11468 1754 31624 23690 6440 9823 15652 4342 12488 1616 24406 15791 28452 32208 21909 13265 32259 22559 18414 20534 25366 24361 30783 6176 11220 30033 27567 806 13208 19071 5232 7776 24569 30823 30647 29909 28521 4634 3067 26915 13841 29394 19310 27760 25834 22522 14008 16017 14111 4732 17402 9080 8609 23374 30210 14818 24844 5950 6090 24385 441 5628 22582 19687 15907 6249 16910 23155 20350 10782 19512 4480 3220 6719 32314 32396 
7209 5856 3351 3725 22599 24948 24782 26705 32388 15714 9560 17656 20484 24523 4514 15564 3252 11899 17304 0 25062 1394 5846 30872 1147 26826 23905 27749 15152 17893 32316 25404 16612 19974 22712 880 155 2297 13916 14171 25459 12077 25586 19237 14279 14860 29142 18102 7585 18077 10106 16376 9317 9820 30269 8529 1467 14937 30572 8287 10684 29839 16792 24821 24672 7045 8475 85 31783 11306 32740 1199 14854 30189 2186 27866 8851 19739 20624 23632 20595 28541 5620 8047 18435 30514 23550 1006 19526 30665 29510 16796 23822 8609 14598 28512 19053 1924 6561 16492 
30968 5019 28094 30495 4559 25272 31940 31034 4411 6524 26263 2459 3520 21811 28907 16000 20154 24976 4909 25062 0 912 22250 20708 7403 10146 4943 9391 22318 24088 2926 26267 5660 17042 2183 18854 16466 22045 565 13735 10030 24803 841 24096 330 12557 6371 9284 21816 25339 10199 4167 20606 7848 17469 28133 18131 30295 26457 22580 21915 21121 8109 16557 26528 5891 5980 15736 5394 28034 3265 10999 7104 24866 6479 27797 27544 14183 25259 22736 860 12906 4615 7300 6565 10304 11712 8569 19997 7079 12602 17455 24311 16881 32507 25833 7858 8757 2309 8183 
30304 446 28630 19624 31188 15510 5615 25524 28903 6656 20494 28551 2849 19823 32163 9305 29745 15081 32115 1394 912 0 5247 24619 28567 15181 6153 27378 12385 11359 31835 2453 25149 10778 28711 29002 6722 10243 20494 13751 32326 14677 26639 13450 17772 1083 5682 8024 26605 6477 14965 16314 2597 27464 8182 20901 28385 25361 19297 4105 31975 19436 23195 20397 9158 5112 25008 17481 11231 7405 28922 19429 15796 6425 12434 23664 11375 12439 15611 28579 20404 27346 12556 2327 30891 6201 2333 12964 20040 14403 19317 2812 7389 6053 8691 17032 25826 8914 20731 8834 
29063 14782 28480 11445 279 10651 6980 12316 29129 13077 1902 27 14743 21640 22456 5011 2929 28282 16033 5846 22250 5247 0 1224 29773 21796 11136 5811 17135 19286 570 1621 17706 27504 13134 2424 8424 14031 7813 17311 22227 28851 23187 29484 28854 13452 32015 17358 8726 24453 31409 29232 14091 6480 7118 11488 28004 2100 16657 24188 5115 31828 29819 19747 3156 7745 668 15130 2684 27843 6162 29885 12064 5603 8002 30632 22507 30523 23125 7974 16932 20865 30070 473 23432 31569 3401 27818 23908 7994 26029 9971 3575 20747 19638 27626 17414 1630 26084 17744 
14630 3259 10705 3908 23607 8999 5106 17390 29520 5087 8193 1117 1648 22135 30865 23782 3177 29449 32674 30872 20708 24619 1224 0 15850 30919 3226 29699 32704 9656 16406 22591 1637 10576 7736 22987 28811 11174 26256 13009 9632 11306 9460 25051 15031 28347 18830 25223 178 28425 30758 29323 10164 30252 6833 7916 9157 11909 794 5497 16070 20948 10319 30350 919 19866 19087 8966 28294 31153 2802 17024 3834 15656 16952 32214 1632 15715 8918 10714 4182 29555 29245 24146 21 17330 25964 13622 24356 29602 27833 11816 6457 6662 31451 29235 24946 25921 4923 29639 
14265 28469 4889 24403 20006 21913 6183 1974 3471 20451 22779 10860 6431 26722 6964 2275 13721 30109 11468 1147 7403 28567 29773 15850 0 11095 21883 26056 16139 12972 19400 24177 1246 27893 6414 2989 13327 7515 8656 4329 6666 10755 4793 1406 8261 17595 18559 14971 20935 230 4597 23474 8411 681 10354 14340 26901 13141 31329 15600 27013 10007 9256 29017 13114 8158 13118 31639 18425 22924 3975 32448 25918 2912 9970 23351 14194 19107 14165 7798 29038 14993 21127 11799 1071 13705 30910 31273 29403 23415 25899 17072 32500 12673 26835 15484 10458 16113 28591 8495 
6861 30032 6480 20330 20670 1032 7620 26998 24739 15747 11290 11105 31832 19769 16054 28558 30732 19632 1754 26826 10146 15181 21796 30919 11095 0 14904 12558 26206 12727 32210 6842 617 24937 11196 1320 31397 31674 27869 20547 7113 24811 2718 15665 28507 17218 10068 19702 6971 5444 26607 3401 115 11315 31459 28597 9533 21194 10326 1779 13909 18487 22410 18054 11136 26457 13709 8344 23388 29242 26911 7700 2665 15822 32739 19715 16727 14828 201 8491 30354 4493 20410 8933 22282 24388 20101 2110 14919 12797 26377 5201 3501 24058 27299 22754 17163 22025 29401 13886 
26270 21554 15487 20971 16991 19406 6218 19688 9099 14875 32562 19719 9705 18196 18259 9669 3469 10954 31624 23905 4943 6153 11136 3226 21883 14904 0 29804 11644 5206 14717 28982 8345 24659 2125 17473 14895 6548 12413 12098 13642 10054 10115 6447 25480 23433 7438 25202 15992 6331 11775 28244 15151 23046 32681 3491 15404 27435 16204 13989 15725 23440 16847 13888 5841 30855 16316 18026 28848 23264 27009 13774 18103 21426 20453 3264 5385 17509 23751 23395 2963 11779 22558 7447 25519 959 13612 23848 13308 3269 9220 2228 24187 24900 9023 6620 29933 20152 3578 2095 
559 559 28806 31660 13350 10152 13891 20283 30056 12628 11562 14859 9394 14733 8825 16236 14047 9553 23690 27749 9391 27378 5811 29699 26056 12558 29804 0 6864 6379 23955 9194 15490 16248 6714 14723 11682 23253 26034 32085 6524 23980 10889 31524 163 22224 21924 10085 29921 12626 11596 29426 3681 19175 28536 15115 1562 31864 17244 20879 8574 28938 18994 6524 23394 26320 23368 29604 30256 13966 14154 30640 25419 15663 16080 13658 11202 937 30762 31206 17976 16656 28778 21985 1554 4857 17330 24349 4066 2064 22719 27371 32531 22780 7093 15514 10453 27506 17452 25647 
15841 16170 32689 30953 1292 16560 22344 14822 22031 20471 26563 32199 6578 2424 5957 8052 22353 20207 6440 15152 22318 12385 17135 32704 16139 26206 11644 6864 0 25284 18110 8393 5257 31823 32068 25222 14659 13718 14980 19293 29687 32261 7685 13803 8855 22937 11589 17350 21624 4232 32413 4684 6857 23596 3668 23216 26962 15664 6656 18754 881 26366 7716 6142 12626 27751 20999 14424 14701 6547 15825 6213 23109 10027 18156 20108 16478 12996 20121 14926 13438 10382 16080 25043 32295 2622 8541 7318 13909 16184 7479 21651 1652 23040 30243 27344 4003 32482 27273 2857 
7715 11357 27577 16700 20704 20633 26605 14118 16333 24851 12546 13732 23390 23676 6834 4630 29126 11598 9823 17893 24088 11359 19286 9656 12972 12727 5206 6379 25284 0 15084 1259 7070 11554 6824 11223 12252 15610 16558 3120 17344 29324 28893 23635 24158 28819 30244 31403 17324 544 4592 32589 29450 17364 27863 3029 29967 20827 29830 30079 1174 13099 21223 9608 24328 2173 27286 19398 18411 10635 1157 16261 2986 15883 6894 10916 3494 1004 28025 23280 11645 16975 19117 21951 3993 9416 15003 2512 5372 31445 30409 15202 3658 6046 23388 1682 30231 19950 15752 5113 
31913 10673 25312 8428 27311 32674 12357 15702 12518 24289 28702 2895 11187 6285 15385 22168 28007 21769 15652 32316 2926 31835 570 16406 19400 32210 14717 23955 18110 15084 0 15157 24975 16913 31782 9931 23887 17991 14973 3553 6507 29619 18336 15059 24019 5648 28783 2255 18649 8476 9043 7943 908 9445 20027 28951 2135 13653 29907 12472 22490 4347 31494 7333 14344 4891 24502 22733 22913 15608 25529 15290 32560 25184 22807 15680 1064 17785 5762 29289 23483 11722 19221 17056 26588 18060 11856 16925 16822 20529 18515 23951 20619 28980 20058 17167 19154 12835 20344 13380 
9036 26965 26718 26114 29259 7554 19604 2671 6175 24568 8606 3401 997 20717 32301 1170 9574 19349 4342 25404 26267 2453 1621 22591 24177 6842 28982 9194 8393 1259 15157 0 9242 13506 17177 1385 18480 22687 6551 11646 24905 30137 4067 26710 16391 19725 30284 277 2789 17552 10629 29654 4388 14920 26805 7282 26356 32170 709 4465 14054 2870 26341 26448 29840 26192 25695 22517 23682 11617 9631 2670 28008 17454 12930 30449 18048 12407 1502 8976 5950 1234 594 12859 3133 30153 21072 1659 25960 30002 32615 28012 8553 28623 19668 5499 27218 2341 8523 18272 
9472 18363 29681 6927 10151 11386 19677 4880 28308 9502 27632 18203 6624 23341 30501 7571 11636 23999 12488 16612 5660 25149 17706 1637 1246 617 8345 15490 5257 7070 24975 9242 0 4391 8870 16016 30993 12494 613 19720 10045 14889 25124 2613 19680 15791 27692 16034 12856 1521 21135 24806 18995 3660 32009 31086 3566 1745 12563 394 14442 4467 4168 2490 24207 9331 2300 13113 8038 15880 5402 18634 26770 21842 25405 705 2832 13440 17937 16981 7215 10304 1516 20516 24273 12390 28839 27142 12514 7648 17346 11286 14616 18904 19639 8445 20717 21035 23453 1409 
5354 18430 10168 13401 1787 29108 25882 7656 29036 6216 11753 17175 25421 32154 12120 985 17943 2380 1616 19974 17042 10778 27504 10576 27893 24937 24659 16248 31823 11554 16913 13506 4391 0 17084 2501 28753 27852 12955 28157 21541 15489 30770 21777 19558 18221 792 10129 3401 30664 9346 234 23539 23532 30132 13318 27649 18455 20397 24097 7258 20512 16398 9197 7992 20471 10059 29929 22899 160 27669 28925 1297 21873 28678 19546 25355 7562 12685 19856 2144 9620 18204 16879 4702 21950 8080 1058 20015 2037 13280 28938 8099 4706 5640 26328 13116 16936 2359 10861 
31844 11128 27743 8883 10828 4791 7937 8177 2147 14137 13414 6463 10561 646 19464 23554 24901 467 24406 22712 2183 28711 13134 7736 6414 11196 2125 6714 32068 6824 31782 17177 8870 17084 0 8981 4507 21663 11080 23635 2773 30957 9672 5126 23124 1014 26594 2542 31913 5316 1956 11826 2201 17268 2032 905 18040 9348 8576 22186 10691 20315 5147 30449 2300 13336 31768 23634 12234 19615 26643 26243 10064 29921 10990 8548 20684 30315 9738 15025 11891 4913 1990 5355 30347 7066 14904 9090 19658 23503 32298 31815 15854 27712 28247 18961 22941 12664 26342 3246 
28863 14485 5268 20803 10143 17408 625 30353 3404 11128 14026 31878 26795 20192 13379 13386 31511 2999 15791 880 18854 29002 2424 22987 2989 1320 17473 14723 25222 11223 9931 1385 16016 2501 8981 0 27273 19825 2503 28126 16764 8706 19253 9660 20219 16256 17221 17805 4542 26877 21186 30096 21223 21327 17647 31564 20463 19248 25747 17236 15821 20888 30788 26428 4455 19034 12787 27610 14654 6397 23992 13249 13396 18396 23518 25082 12897 5504 12849 10500 10550 1084 16518 16910 2928 18441 25739 2163 3169 11939 6352 30069 7483 24037 23317 30781 3965 1121 26070 26130 
22086 12105 5863 16908 11473 12631 30965 30586 15615 9635 2766 24055 31918 14182 25687 8485 20230 19188 28452 155 16466 6722 8424 28811 13327 31397 14895 11682 14659 12252 23887 18480 30993 28753 4507 27273 0 1809 10091 29447 5263 20905 6162 15696 2535 32290 16515 31741 14871 8890 21897 3145 24936 26970 14732 29833 17445 3398 28006 14072 21778 30214 19336 12231 3119 7059 26957 19043 27053 8133 15005 6665 24880 18683 21446 8583 10566 18956 26006 22100 11047 877 20411 10962 3758 10659 25951 11233 7831 31979 16382 32168 250 32295 15499 17311 7 19723 32451 16352 
1826 991 24376 25649 11566 13227 66 11528 5897 20538 9853 10208 14881 5962 32380 23955 4158 7836 32208 2297 22045 10243 14031 11174 7515 31674 6548 23253 13718 15610 17991 22687 12494 27852 21663 19825 1809 0 11018 2018 24751 12339 25340 10018 29164 22953 21641 10352 5810 27257 7102 12881 4885 19349 1240 27891 25640 9956 10674 14803 15497 18044 12401 18834 28717 6176 5997 11284 23405 4347 14947 14042 4432 28061 31960 23969 23834 2614 17871 22842 25366 20242 14511 14507 27807 27988 22382 14470 11124 26614 31233 31881 60 9472 18184 1911 4183 775 6580 3380 
9123 5247 2755 23007 29062 2960 2726 5427 20426 31804 24948 13460 11151 19320 7008 8753 22998 32656 21909 13916 565 20494 7813 26256 8656 27869 12413 26034 14980 16558 14973 6551 613 12955 11080 2503 10091 11018 0 10045 27893 16776 29422 21488 1329 32573 1897 20671 6814 11206 11442 12178 13872 6204 25535 1607 17119 29659 18865 14299 18433 7760 3019 8925 21991 3393 13232 24847 182 4381 18400 1117 1416 1317 31860 32003 30146 14010 28696 5369 1207 4072 12617 11426 21373 20786 2000 9397 22287 26272 15997 8554 13475 9222 26920 4840 12365 29846 25316 12014 
2003 14399 31652 19371 1122 14732 12045 14010 12693 27665 22881 8534 10043 5109 19323 254 3235 25556 13265 14171 13735 13751 17311 13009 4329 20547 12098 32085 19293 3120 3553 11646 19720 28157 23635 28126 29447 2018 10045 0 29726 26205 8564 23269 26711 10934 11102 14346 12696 30704 8592 8182 30064 30449 4116 26051 3178 21298 8061 2596 17139 29664 10479 24614 908 31542 16752 32296 22064 10265 18544 14108 24839 30196 17814 6142 22092 5845 8653 9621 31611 9160 1935 22120 13759 8051 30319 1283 18330 9970 21996 22122 11221 27892 4980 20701 14761 23317 6070 7886 
30463 10464 9887 28205 9301 11735 22033 29970 24373 24775 7118 27766 29302 16638 6778 19134 8182 22962 32259 25459 10030 32326 22227 9632 6666 7113 13642 6524 29687 17344 6507 24905 10045 21541 2773 16764 5263 24751 27893 29726 0 3667 10624 31061 11057 17824 11631 26102 29855 5680 5237 13247 2858 28872 19875 27480 22758 26471 8048 19862 4409 29176 7068 21828 25171 24635 11592 21552 9966 9456 7509 30585 5191 26181 10493 16150 8283 32641 1712 13481 7269 24561 30000 28038 16280 29458 12527 9214 7705 32256 27560 29680 18495 7710 8763 1682 3597 21765 27853 14715 
10547 15229 21938 17542 28066 18359 22189 14810 26905 30262 20163 5152 10989 30221 22921 17963 18930 29900 22559 12077 24803 14677 28851 11306 10755 24811 10054 23980 32261 29324 29619 30137 14889 15489 30957 8706 20905 12339 16776 26205 3667 0 2679 12743 5170 1811 12893 25466 793 23137 11572 12595 10235 21902 13377 15143 10632 17738 29575 13835 25476 31107 7738 5548 16970 8110 13411 26062 7584 4407 26068 27977 7869 21061 15950 30561 32151 15538 1776 24422 8561 4937 2275 14988 28837 31041 7491 15372 23469 2553 13903 12154 28535 3316 19923 9576 31465 536 25813 11836 
13929 9769 4499 17604 6801 7165 23668 9547 25277 32372 7000 28676 15784 18610 1764 15565 24136 12832 18414 25586 841 26639 23187 9460 4793 2718 10115 10889 7685 28893 18336 4067 25124 30770 9672 19253 6162 25340 29422 8564 10624 2679 0 1054 8499 3478 17255 32002 17064 31600 7391 5982 28222 13260 11707 1025 16653 2192 13215 32575 1534 8921 7076 16670 21292 25666 24921 25281 10616 27504 5629 25875 29293 2017 3067 17591 30807 10485 25253 18223 13469 5180 28212 27979 4198 28417 14335 14036 29548 26391 4858 9080 15642 1762 114 7416 1004 169 24839 13968 
6886 20074 13241 31082 10222 15434 877 13711 3067 30705 1357 19628 16040 3357 32369 30350 17248 12574 20534 19237 24096 13450 29484 25051 1406 15665 6447 31524 13803 23635 15059 26710 2613 21777 5126 9660 15696 10018 21488 23269 31061 12743 1054 0 19482 21804 11578 16989 11761 12304 13723 28277 24897 10511 22462 13007 6960 25247 21932 2844 8303 22175 5126 21755 23843 25198 27921 20404 30226 26953 2818 14386 16146 10473 21894 15681 17070 7260 16020 18441 18201 2339 31350 21706 31832 4749 28437 22489 16298 28498 26244 27354 8251 7538 20687 15934 4361 12367 8452 2815 
9551 11780 31423 3055 11882 20549 27775 31067 14685 25608 2212 16109 14827 4307 4130 13074 8410 26659 25366 14279 330 17772 28854 15031 8261 28507 25480 163 8855 24158 24019 16391 19680 19558 23124 20219 2535 29164 1329 26711 11057 5170 8499 19482 0 31230 25498 9189 28004 26806 13281 7381 8961 14405 31505 13251 13285 30905 16957 9097 8622 7400 6064 568 23709 17955 17869 12779 16398 19746 29736 31951 24373 13355 3813 10354 7705 28292 4176 3147 21205 10523 2237 30602 27406 115 162 29216 20911 20433 4338 9489 4331 1447 19899 30201 27764 10559 24322 8668 
32275 13217 5052 30410 29299 17455 10052 16852 172 19135 548 24268 13627 19947 19541 25173 27784 10633 24361 14860 12557 1083 13452 28347 17595 17218 23433 22224 22937 28819 5648 19725 15791 18221 1014 16256 32290 22953 32573 10934 17824 1811 3478 21804 31230 0 17635 29753 28049 8553 8333 17787 2263 8404 16116 19582 6363 22985 22354 3818 27054 4721 18994 32182 19584 31368 27869 21187 4655 16539 5638 27833 5390 27523 22452 17697 24050 13345 4720 23747 12418 23386 19887 14914 2751 14421 385 22260 25552 31475 15738 5638 13843 24206 22752 8656 8288 18678 6166 19317 
22089 4653 26715 30389 19877 25799 9664 299 16277 20295 18574 2062 6720 14726 16977 31630 32426 11210 30783 29142 6371 5682 32015 18830 18559 10068 7438 21924 11589 30244 28783 30284 27692 792 26594 17221 16515 21641 1897 11102 11631 12893 17255 11578 25498 17635 0 18280 10792 23761 8512 1067 9151 15104 29669 9333 12139 23537 20203 13501 13861 20763 11871 2189 7821 4153 13589 4530 3389 9108 13992 15527 30573 3473 14768 32318 25543 11134 28229 32400 30091 9112 21684 3367 7655 10848 4223 19049 3983 11039 9114 12871 20644 8119 3556 29735 1730 9132 3299 17422 
13492 25872 8277 2984 11200 14580 19920 2813 3238 5839 23257 30552 30579 2057 11909 20871 1936 8441 6176 18102 9284 8024 17358 25223 14971 19702 25202 10085 17350 31403 2255 277 16034 10129 2542 17805 31741 10352 20671 14346 26102 25466 32002 16989 9189 29753 18280 0 4862 4545 4977 25185 17596 28069 29876 5963 25432 30495 11783 14739 3150 3580 12849 6982 15670 570 28836 18605 686 13101 10115 8971 12417 5334 19697 26519 3868 14207 7068 24247 10802 11673 3722 12159 11437 27610 22562 4968 30168 32658 8316 26196 21450 14157 5869 20161 3861 6574 8909 31308 
301 21434 13667 20846 4975 16244 2041 8346 14424 25520 928 4310 26956 18963 27124 413 23279 7045 11220 7585 21816 26605 8726 178 20935 6971 15992 29921 21624 17324 18649 2789 12856 3401 31913 4542 14871 5810 6814 12696 29855 793 17064 11761 28004 28049 10792 4862 0 13924 18095 27742 18390 7210 28429 27396 18668 19346 16299 32148 7253 10414 27485 2004 29949 28654 23554 32727 32190 18632 27744 3525 24799 9644 23614 26349 28624 7462 23234 12297 26402 10324 17164 29392 2764 29322 26387 29377 5787 9795 1216 27949 16121 25418 16712 4229 15843 18985 18126 14053 
20151 25628 31185 16823 28384 14600 1308 744 32342 7367 440 31437 7618 14450 4903 8811 30565 3415 30033 18077 25339 6477 24453 28425 230 5444 6331 12626 4232 544 8476 17552 1521 30664 5316 26877 8890 27257 11206 30704 5680 23137 31600 12304 26806 8553 23761 4545 13924 0 7023 17980 6855 8050 13983 21977 7054 31600 15306 22966 9515 28870 12513 22702 23501 1241 28599 24506 3286 12527 26732 21136 2144 29296 13594 2680 6670 28513 27325 24433 11540 27420 21352 30597 26505 1876 32165 30825 18667 3400 19755 30552 6130 15174 30919 17200 11161 21090 8579 25804 
15361 15811 28959 21649 31577 30364 19758 27349 32380 19366 8695 8963 7060 26544 10014 28161 30852 12134 27567 10106 10199 14965 31409 30758 4597 26607 11775 11596 32413 4592 9043 10629 21135 9346 1956 21186 21897 7102 11442 8592 5237 11572 7391 13723 13281 8333 8512 4977 18095 7023 0 24590 8682 643 30021 25420 17211 18085 14970 11732 20119 27486 4207 21637 24734 28788 25436 8928 26463 23297 8593 6457 17850 29886 12403 32 6392 20110 10678 15633 31912 21068 23772 21594 26811 28633 20717 17485 1506 12640 17015 9638 5159 17132 22984 15678 16330 14636 5481 27377 
32485 18026 19777 24507 13763 17400 32354 7734 5873 5064 22812 17092 20819 6595 8202 31397 15859 26713 806 16376 4167 16314 29232 29323 23474 3401 28244 29426 4684 32589 7943 29654 24806 234 11826 30096 3145 12881 12178 8182 13247 12595 5982 28277 7381 17787 1067 25185 27742 17980 24590 0 3723 1604 3508 4430 12393 27978 4787 5401 31357 28840 6116 16385 15195 8508 11150 6191 26178 23784 1712 23128 6405 16563 7694 28537 15162 20769 23160 7893 8865 29902 1117 14379 26838 7505 11920 12860 24121 14927 11353 31100 17949 21213 24254 27414 18479 24858 25874 14373 
15780 1753 15929 15629 30696 28361 27519 2624 1152 4768 12369 767 15335 8648 5127 4241 9295 884 13208 9317 20606 2597 14091 10164 8411 115 15151 3681 6857 29450 908 4388 18995 23539 2201 21223 24936 4885 13872 30064 2858 10235 28222 24897 8961 2263 9151 17596 18390 6855 8682 3723 0 22805 18932 939 13169 22142 17625 7389 25210 30856 11224 8696 28872 7178 6983 1650 3153 8138 7258 6939 18505 32296 8696 7405 28580 17417 4061 3858 18380 4353 10224 11318 16286 3268 31206 31502 18091 32207 12566 21032 18604 27985 23710 22260 2372 1118 3511 17426 
8895 15811 24162 26416 3509 5260 6464 26151 14941 26925 1489 29275 27727 27376 26630 2696 1958 3214 19071 9820 7848 27464 6480 30252 681 11315 23046 19175 23596 17364 9445 14920 3660 23532 17268 21327 26970 19349 6204 30449 28872 21902 13260 10511 14405 8404 15104 28069 7210 8050 643 1604 22805 0 15485 30998 9485 25003 5859 21386 31463 29922 23287 2688 15363 3171 7712 29127 1905 25230 26681 16924 7551 21493 11513 7365 22598 10906 9887 11633 21370 19821 32226 1614 20333 4100 27415 4716 7013 7836 15523 14928 4895 16975 28323 5851 31650 31126 16345 20061 
12115 18962 7967 16523 2364 15421 48 20710 11979 29687 23313 18516 1409 14601 12149 25238 27060 1992 5232 30269 17469 8182 7118 6833 10354 31459 32681 28536 3668 27863 20027 26805 32009 30132 2032 17647 14732 1240 25535 4116 19875 13377 11707 22462 31505 16116 29669 29876 28429 13983 30021 3508 18932 15485 0 11838 4302 4405 23683 29060 17952 29273 3802 29324 8825 16508 24244 27483 3548 2166 2612 28713 6539 4476 4326 21650 18024 27513 21433 13822 15760 20622 19772 22349 22325 9702 24092 14790 3003 10174 27101 8001 11030 3252 16343 24978 30306 11343 3188 19257 
22489 2953 4790 17062 7646 22735 22817 16364 8888 2428 27048 1514 19523 29578 27565 25227 9360 23898 7776 8529 28133 20901 11488 7916 14340 28597 3491 15115 23216 3029 28951 7282 31086 13318 905 31564 29833 27891 1607 26051 27480 15143 1025 13007 13251 19582 9333 5963 27396 21977 25420 4430 939 30998 11838 0 14786 24343 14554 3522 21993 22292 26849 11946 13969 24173 17422 29204 5160 23252 20202 8196 1107 8143 15043 22360 5851 29654 30138 7819 7132 7088 29200 167 32560 2062 12465 29322 25881 360 23296 31837 29742 28183 30692 25426 30855 3762 2067 20380 
13896 15250 25568 8549 26808 27016 8049 24218 8357 13662 6743 9967 8145 9634 7546 18943 14452 16504 24569 1467 18131 28385 28004 9157 26901 9533 15404 1562 26962 29967 2135 26356 3566 27649 18040 20463 17445 25640 17119 3178 22758 10632 16653 6960 13285 6363 12139 25432 18668 7054 17211 12393 13169 9485 4302 14786 0 12514 15069 25076 1381 13172 3433 20985 1035 14551 22381 20730 29130 11115 3714 14556 29029 21774 20206 8175 23595 16325 23421 5818 8058 939 30619 16648 23159 11806 30645 5682 14347 11815 9169 21678 16672 29226 18540 29911 8988 8911 4499 9982 
9820 10413 797 29783 28920 21598 32703 6290 27172 6777 28362 1173 748 8430 13123 20710 27917 8344 30823 14937 30295 25361 2100 11909 13141 21194 27435 31864 15664 20827 13653 32170 1745 18455 9348 19248 3398 9956 29659 21298 26471 17738 2192 25247 30905 22985 23537 30495 19346 31600 18085 27978 22142 25003 4405 24343 12514 0 21421 2124 218 22737 3306 963 7627 9239 26875 12994 4030 26301 15744 12748 865 13790 25881 9504 4786 6935 12243 12122 7307 23238 17624 22088 23403 28293 24913 29198 18310 28645 8351 636 4111 28527 14778 1710 14276 29655 24040 13028 
22822 3545 14797 16701 3252 14822 9405 26978 13988 15678 24185 6941 1507 7789 22897 11501 11659 24688 30647 30572 26457 19297 16657 794 31329 10326 16204 17244 6656 29830 29907 709 12563 20397 8576 25747 28006 10674 18865 8061 8048 29575 13215 21932 16957 22354 20203 11783 16299 15306 14970 4787 17625 5859 23683 14554 15069 21421 0 4972 15721 27311 30792 29494 11188 27987 20354 19183 14342 24821 25191 1664 23940 28216 21188 17307 7268 16691 10016 24033 9036 9918 21942 12369 15082 3323 14255 14323 20436 13091 24739 965 13984 5267 5714 7653 1606 23318 25758 23039 
17330 31029 28364 5333 29376 31647 270 14540 224 17513 10611 8856 22732 16883 20776 14784 6847 20256 29909 8287 22580 4105 24188 5497 15600 1779 13989 20879 18754 30079 12472 4465 394 24097 22186 17236 14072 14803 14299 2596 19862 13835 32575 2844 9097 3818 13501 14739 32148 22966 11732 5401 7389 21386 29060 3522 25076 2124 4972 0 21732 23265 9470 20122 2924 16728 4038 24334 1206 4981 11391 27659 3015 24442 16560 15665 30057 1619 5301 13643 5151 5033 17104 15884 25931 27720 19824 4108 25500 28338 2240 4865 10941 25091 9075 21057 22588 20230 23246 16759 
17655 23613 16253 27251 15263 8546 13807 29111 12612 15453 5768 19352 32738 19971 12881 10825 24812 31184 28521 10684 21915 31975 5115 16070 27013 13909 15725 8574 881 1174 22490 14054 14442 7258 10691 15821 21778 15497 18433 17139 4409 25476 1534 8303 8622 27054 13861 3150 7253 9515 20119 31357 25210 31463 17952 21993 1381 218 15721 21732 0 21980 3359 22178 16158 1035 25378 3377 10810 26481 30847 27107 17449 31924 15313 29644 20024 12681 51 24955 30097 19549 16401 17862 31677 20803 2637 10199 28509 4125 30102 21111 28964 18446 13829 26265 16663 3102 12536 32041 
10629 13994 28029 26606 11986 16045 3061 28227 26327 25815 8465 16740 14933 30448 27464 28281 26670 17768 4634 29839 21121 19436 31828 20948 10007 18487 23440 28938 26366 13099 4347 2870 4467 20512 20315 20888 30214 18044 7760 29664 29176 31107 8921 22175 7400 4721 20763 3580 10414 28870 27486 28840 30856 29922 29273 22292 13172 22737 27311 23265 21980 0 6625 27043 7657 21986 7557 503 16995 31803 22425 6304 9715 21040 32433 16017 1446 7509 21751 29517 11242 3603 20365 20097 26390 16609 16196 26594 20281 17349 26238 6468 26407 23565 10336 30459 25793 2122 15675 6773 
19421 27739 2059 28655 12315 19965 18261 22465 4307 18322 23203 9202 1839 3048 28314 16225 16423 2927 3067 16792 8109 23195 29819 10319 9256 22410 16847 18994 7716 21223 31494 26341 4168 16398 5147 30788 19336 12401 3019 10479 7068 7738 7076 5126 6064 18994 11871 12849 27485 12513 4207 6116 11224 23287 3802 26849 3433 3306 30792 9470 3359 6625 0 583 31888 20475 15904 10755 7548 21006 27439 14476 8818 2480 20597 18549 4476 14867 13609 12709 21889 1775 19597 31877 2731 24775 27623 6762 23802 25727 30908 3908 21800 31262 2894 30855 12223 16095 344 7513 
1186 26377 16419 18966 27114 6419 18583 2109 3879 22406 6916 7911 31636 29244 22312 16620 8313 14320 26915 24821 16557 20397 19747 30350 29017 18054 13888 6524 6142 9608 7333 26448 2490 9197 30449 26428 12231 18834 8925 24614 21828 5548 16670 21755 568 32182 2189 6982 2004 22702 21637 16385 8696 2688 29324 11946 20985 963 29494 20122 22178 27043 583 0 30066 6790 25975 21235 10340 171 28459 9615 16205 15618 9839 2658 12424 2595 19592 13925 7367 7705 20385 25102 23043 5507 6363 20491 18341 1261 12691 63 22518 19568 19445 19197 31428 2439 31426 24707 
21457 870 13983 2045 32758 3135 8564 12186 26633 29067 27206 30530 1526 10063 20372 5062 10845 11904 13841 24672 26528 9158 3156 919 13114 11136 5841 23394 12626 24328 14344 29840 24207 7992 2300 4455 3119 28717 21991 908 25171 16970 21292 23843 23709 19584 7821 15670 29949 23501 24734 15195 28872 15363 8825 13969 1035 7627 11188 2924 16158 7657 31888 30066 0 14677 10928 6238 24137 24197 29354 17565 2532 20614 13154 2875 16625 4870 9274 22330 15621 24654 8925 18984 15592 22516 31003 6122 14347 15041 7433 24009 29260 24544 18264 16573 27624 20296 31733 24312 
9306 17927 28305 19186 30656 8119 29 27580 343 31313 22642 16274 12189 12651 12194 32203 32218 12093 29394 7045 5891 5112 7745 19866 8158 26457 30855 26320 27751 2173 4891 26192 9331 20471 13336 19034 7059 6176 3393 31542 24635 8110 25666 25198 17955 31368 4153 570 28654 1241 28788 8508 7178 3171 16508 24173 14551 9239 27987 16728 1035 21986 20475 6790 14677 0 25913 23839 30515 23066 5830 4062 32281 7357 19921 17535 26492 2394 12966 23594 29579 7105 29620 20838 25567 21732 25591 21682 20753 14104 10917 30564 24447 5772 28696 198 24410 31240 13307 18798 
24055 13712 24488 14884 7703 24318 16693 10809 1249 9663 6871 13800 12627 26151 27549 25557 17426 24732 19310 8475 5980 25008 668 19087 13118 13709 16316 23368 20999 27286 24502 25695 2300 10059 31768 12787 26957 5997 13232 16752 11592 13411 24921 27921 17869 27869 13589 28836 23554 28599 25436 11150 6983 7712 24244 17422 22381 26875 20354 4038 25378 7557 15904 25975 10928 25913 0 3777 344 29025 18392 25803 16188 13891 12511 30262 19251 16088 14858 30971 24039 22434 16831 8185 30902 7864 32185 13599 5385 32525 7177 2266 13814 12034 27728 25280 14360 32302 3386 24446 
26230 3278 19920 474 1789 16506 29508 20313 26413 16162 11746 16120 28711 31218 25722 11604 6372 9614 27760 85 15736 17481 15130 8966 31639 8344 18026 29604 14424 19398 22733 22517 13113 29929 23634 27610 19043 11284 24847 32296 21552 26062 25281 20404 12779 21187 4530 18605 32727 24506 8928 6191 1650 29127 27483 29204 20730 12994 19183 24334 3377 503 10755 21235 6238 23839 3777 0 5676 28971 8415 29225 5505 30690 19994 21948 15862 12956 29272 14806 14844 15363 30042 24204 29420 5894 27102 5054 29431 27895 6817 6869 8270 16870 32434 1215 15757 15164 8440 18475 
26488 19735 14164 10564 31658 7496 31152 15776 20359 1311 21790 15030 20834 7796 3497 24502 25019 11673 25834 31783 5394 11231 2684 28294 18425 23388 28848 30256 14701 18411 22913 23682 8038 22899 12234 14654 27053 23405 182 22064 9966 7584 10616 30226 16398 4655 3389 686 32190 3286 26463 26178 3153 1905 3548 5160 29130 4030 14342 1206 10810 16995 7548 10340 24137 30515 344 5676 0 13788 17349 21777 11474 11875 19173 29080 24616 16776 27309 8908 17776 24256 8962 24160 6219 9645 24545 27551 5852 7114 575 11839 65 32600 13090 31847 17231 25479 23807 19453 
27864 4224 26128 6004 20987 18304 1047 4494 3943 4944 32421 18725 12059 11270 27468 1049 3019 15511 22522 11306 28034 7405 27843 31153 22924 29242 23264 13966 6547 10635 15608 11617 15880 160 19615 6397 8133 4347 4381 10265 9456 4407 27504 26953 19746 16539 9108 13101 18632 12527 23297 23784 8138 25230 2166 23252 11115 26301 24821 4981 26481 31803 21006 171 24197 23066 29025 28971 13788 0 14614 15623 8943 26357 8189 25963 19860 8520 14307 20740 12402 32536 7053 15598 29078 26670 23154 28273 139 1993 20003 672 2790 983 4349 7220 24596 22644 529 2985 
