10 0 0 0 0 0 0 0 0 0 
0 32249 24059 27884 1866 18283 10923 10280 22478 9463 
32249 0 31375 3206 18163 13183 2790 26581 25107 5404 
24059 31375 0 26786 16185 27003 8639 4855 17945 25374 
27884 3206 26786 0 27861 31307 4164 19460 21683 2615 
1866 18163 16185 27861 0 2881 24182 18097 28500 23615 
18283 13183 27003 31307 2881 0 19918 9626 10451 24604 
10923 2790 8639 4164 24182 19918 0 6849 2594 14035 
10280 26581 4855 19460 18097 9626 6849 0 32516 23350 
22478 25107 17945 21683 28500 10451 2594 32516 0 17956 
9463 5404 25374 2615 23615 24604 14035 23350 17956 0 
