200 0 0 0 0 0 0 0 0 0 0 0 0 0 0 0 0 0 0 0 0 0 0 0 0 0 0 0 0 0 0 0 0 0 0 0 0 0 0 0 0 0 0 0 0 0 0 0 0 0 0 0 0 0 0 0 0 0 0 0 0 0 0 0 0 0 0 0 0 0 0 0 0 0 0 0 0 0 0 0 0 0 0 0 0 0 0 0 0 0 0 0 0 0 0 0 0 0 0 0 0 0 0 0 0 0 0 0 0 0 0 0 0 0 0 0 0 0 0 0 0 0 0 0 0 0 0 0 0 0 0 0 0 0 0 0 0 0 0 0 0 0 0 0 0 0 0 0 0 0 0 0 0 0 0 0 0 0 0 0 0 0 0 0 0 0 0 0 0 0 0 0 0 0 0 0 0 0 0 0 0 0 0 0 0 0 0 0 0 0 0 0 0 0 0 0 0 0 0 0 
0 2697 15632 28083 16585 7449 28858 2422 5462 23721 27055 6219 11181 5709 6721 32434 11126 20699 26794 12238 16734 2180 21847 13860 17671 19375 4983 29589 7982 13593 16324 13470 15390 32556 8592 29390 5717 11421 8723 25224 9589 585 26100 10235 15725 20048 13590 20319 10729 14451 7334 25714 4599 6059 30561 17714 28667 2315 18474 3036 10710 17369 4813 11301 5458 26343 7949 8119 29905 15159 20981 15856 14390 10191 2396 6870 3603 21209 9657 2398 4373 11263 11818 7391 7596 23558 15039 17872 7167 21930 4365 26058 18960 953 7919 30394 21035 20595 16287 8550 14741 545 30453 24356 29554 10483 3839 726 9207 6687 17346 17704 24530 13368 26959 12301 29654 26829 14345 1400 234 18242 11061 32088 30772 1267 7620 30423 17282 16007 4445 30931 9721 28306 19374 7581 8450 21870 13812 17904 26993 20059 10952 12085 14584 19925 7724 18678 1995 1334 19414 26016 31380 26509 22461 8830 4250 3006 3297 8946 24109 10203 9823 31478 24406 8642 20150 25810 11964 28919 16723 7711 11481 19908 14947 2045 25439 27023 8410 26257 12516 11387 5823 23489 2261 13379 23482 31028 21402 4179 11745 1412 15110 30504 5311 20678 28418 28905 17061 13373 
2697 0 14634 1944 12162 31829 30289 1902 3996 311 14239 23593 15259 4240 2768 31933 952 16079 4838 22831 4630 15698 17736 12386 10500 29651 20506 16413 8310 525 9695 31585 16065 30131 27214 13034 18583 16531 15474 23554 25667 15111 6661 24974 11301 16028 22541 11091 3185 9478 27832 18313 18468 14147 1654 25251 16711 22798 11349 31070 24680 31879 25505 28936 14165 10785 5820 530 15132 10444 14651 8408 12608 4707 25923 20655 11325 24665 28194 3377 13118 15520 9265 13766 28958 8921 17897 10099 1693 7618 23108 28902 23523 11485 28759 19650 3387 7773 45 20008 20232 26966 26854 27527 25868 21541 18449 21414 2266 29470 9798 14574 23449 19316 13576 32509 16123 9838 6618 30312 12669 24776 672 4816 2529 16998 32568 18216 11753 10817 23640 29765 8277 6795 31659 5544 543 28964 25895 6280 25334 22594 3506 2339 31992 15196 3829 582 14261 19544 19584 2842 3681 25846 16927 20274 13656 20604 30588 23762 6871 18851 21750 21889 7929 14529 21953 15570 7921 32312 21310 20847 12167 21791 26013 7272 8917 6704 5553 8890 13634 753 23571 25890 32191 4390 10619 6692 32065 20086 29787 20055 27007 7261 1982 22260 3822 9298 3936 17054 
15632 14634 0 24653 23585 31396 25771 28461 11590 2832 28917 10505 11002 9721 16750 31667 20229 21310 11259 31434 19046 19704 11355 3674 15012 25390 8459 4791 8532 9940 6268 26007 18918 30730 31347 7278 2485 21394 6593 24591 1614 31634 31268 10624 28160 22412 22141 23582 20133 10139 13108 30962 30384 26352 2280 26450 3191 31117 21339 3772 18370 320 4253 15855 31125 30179 31863 6988 20026 23762 5147 6764 30098 15277 11786 13057 7581 8784 12870 21746 27463 26639 16057 21938 23926 30775 17381 21218 18001 18881 26061 17959 18131 24153 11555 17997 30864 25743 21684 12701 12743 22876 16145 15740 4009 17625 24703 10053 13032 28219 10529 616 23171 8978 15203 24515 18640 28098 31402 19008 7883 22338 15931 21681 6559 4117 13416 13544 24178 7302 16898 10267 16501 24616 27131 7287 11563 9357 2395 23554 11002 30534 29542 13495 5616 31515 14859 23004 1751 2188 11919 31398 4221 14728 26235 18961 16189 15469 20676 29689 1745 2624 10041 15229 2651 23598 18482 16022 27314 31811 17526 6898 1770 19817 11629 28695 23335 9892 28551 31413 27043 23948 17645 17740 23037 7179 3175 10751 15045 23897 4237 8631 4421 11829 2865 7292 9106 3173 28940 24335 
28083 1944 24653 0 4435 26596 15919 13733 10564 7210 10862 11437 16083 30552 28837 2113 25943 21052 4687 8818 15229 21504 18532 5387 31593 14079 31893 18948 17416 14280 4553 17450 6073 23152 6103 27660 19484 29212 18054 27945 26426 5839 23491 28504 9686 30065 14626 14456 10002 9760 23703 601 31047 29883 4214 4330 1054 18348 28328 21668 3059 4342 4911 9527 19051 30079 6621 24692 22612 5791 17233 31098 25789 10730 23859 17444 30038 19258 18865 2227 11274 13568 16953 11191 19930 19148 12664 30276 1789 8731 16531 19026 10294 30048 29604 20341 22901 11606 29048 25535 32177 27781 21128 23794 17413 18706 4918 26090 8714 8396 1353 1097 13172 13171 23723 4709 15088 28492 13153 14703 16445 7139 8396 14309 1929 20255 16415 59 24078 22668 16928 31685 30701 3813 26147 32231 23371 11232 30275 13184 5290 8766 8931 6804 12426 6675 22886 20025 13888 32594 29227 12997 8214 20124 20940 20021 3236 3147 22935 22752 9583 4538 17228 21086 30400 7383 17433 9907 13510 19947 4820 12224 10735 32681 11640 7915 19075 9589 31202 6925 10627 7159 7628 7836 19137 6112 10762 25114 3648 7931 29957 24254 12494 14199 16502 13666 7648 14708 1635 1452 
16585 12162 23585 4435 0 29454 7711 16654 1798 23901 8387 2022 24347 13274 26108 10295 7270 23248 8138 5381 3533 7276 24243 19226 3292 2644 5653 20417 4530 24709 12971 1731 10028 25970 28509 31647 2896 859 21581 31245 2045 5867 3103 4533 20433 12053 31625 24876 27482 14897 18203 17457 641 23634 13136 16678 3635 27370 2774 20944 15954 18849 30490 25427 8156 9330 30487 10601 20313 17160 24672 8419 17291 29016 5739 23906 31825 14719 25632 32342 8668 27358 9123 26423 24597 10868 8286 5891 2638 2172 24402 15096 21289 22343 14751 22676 9414 16220 30034 10954 25904 19661 18543 3718 13065 29148 29246 6755 26228 15056 22234 15787 25156 12049 18680 656 355 7051 28148 20394 11397 16961 26658 17585 25615 11056 13139 3708 19009 4710 24487 20025 31147 12131 5778 28655 13263 20912 5681 3121 13331 3774 3790 12580 13034 32001 3762 11956 25922 14414 26667 16915 1073 11121 15838 15475 10460 23314 8526 260 2216 11722 28589 30256 23972 28033 22754 17941 1845 32267 15579 2628 12036 1283 19221 16057 32294 32487 4202 6171 11914 32117 24346 6453 1192 2885 15645 949 32104 28839 17575 36 15440 21951 8957 6437 1521 32223 8567 26098 
7449 31829 31396 26596 29454 0 27205 14996 18046 31474 7159 5379 9659 31780 18546 4516 8472 16669 30313 5082 2833 27723 501 1720 32562 18091 16305 20686 22096 1841 26905 16946 31236 8827 20005 10450 13160 28342 2081 30457 20757 10193 10704 10272 16477 8161 10433 20470 30150 10196 31729 32691 16583 31833 11171 28057 26311 17167 20092 2764 8530 25581 12258 29524 23454 19186 7062 25711 19262 24079 2704 9500 16421 13137 11546 3302 18398 21330 3633 5357 10 5090 19481 7995 13338 22258 8767 24645 8783 14785 16468 5824 1007 75 10918 32166 13513 18670 8130 9352 5612 21598 16200 6679 1956 28107 28174 5357 5813 16209 13177 1697 14555 7841 3096 17675 13442 7662 28034 13780 4034 27930 30577 10305 8863 22305 3615 18753 10367 26566 23009 23989 27883 1404 26627 12031 28554 2968 26851 21966 7003 12469 18257 20265 27955 17768 5414 1978 9591 5925 2339 18780 24858 880 2572 14056 13785 1865 773 16956 11702 22226 32044 18573 15795 18754 14968 16622 5073 9486 19922 10529 22600 6230 27762 7326 15880 27022 29819 16865 32368 11375 25818 31224 7246 1821 16988 32332 2583 21401 9742 22704 3943 10601 28890 25001 2492 7046 24672 12540 
28858 30289 25771 15919 7711 27205 0 4660 21512 658 31858 24002 27293 15047 14157 27363 3474 7175 29707 6686 18397 31799 13648 17898 3661 18070 12600 5961 21205 21872 31807 27555 31256 13090 25715 18405 24374 24143 18649 5339 20949 28001 31006 8394 14963 11587 27007 8785 20715 5980 18170 14466 4422 15055 14261 9276 23236 29938 21423 14028 25898 5389 8614 12740 30798 18261 9288 5147 4576 25384 17310 4230 25979 30857 7862 10517 25325 14559 4495 11282 11971 5866 31562 3607 14616 14855 4239 23918 24223 8357 17982 19118 16367 3591 8279 659 15118 7995 28971 21789 13121 9051 21700 26093 4882 4868 29842 25052 13474 17172 24407 30173 7218 11943 341 789 12524 29780 2231 19512 24567 25253 16957 6183 21947 12245 14891 1480 14705 14542 11636 3365 5871 25441 5923 27080 25265 32712 26122 27222 17451 17753 9902 24938 4687 18061 11634 13237 11866 30769 3331 16211 10468 10219 25860 6256 23847 32240 21755 22299 28302 26116 8059 29290 21634 31666 18835 25808 24689 21965 17014 5563 27168 19752 24428 17522 3635 6802 14329 28718 11001 26644 11853 31094 1917 12655 12267 30912 20682 4048 31389 1605 22910 19670 29080 28453 18323 22726 20204 5052 
2422 1902 28461 13733 16654 14996 4660 0 1289 32452 24240 3569 25635 17800 20214 2625 12263 30730 14997 11192 32 7429 5328 20449 24596 24627 24451 9639 17561 29979 23143 27584 23414 17434 8584 1878 12285 3508 22276 16120 24806 28700 13318 9664 25454 31490 7426 709 4016 15772 5426 16580 29251 31480 11601 12811 7957 28801 18839 13478 392 23248 23286 717 26059 9397 26515 15246 14202 27782 32391 28598 12665 19366 29399 16133 31502 3161 31153 20883 28221 14791 2025 14717 873 13903 2740 2260 7720 17422 22436 10184 14183 11183 28643 14096 8383 28021 29364 2717 23831 10375 23335 2176 19066 9339 25884 30745 6459 10534 13691 3457 19527 4258 8626 15674 16074 16289 12911 9237 27398 28657 15775 3939 28272 31056 13224 29024 1804 1138 31714 19933 1546 21583 31836 27437 29602 4530 10445 21330 24621 17664 13528 29032 7813 27206 17796 22354 25503 19334 15868 30628 1894 3395 899 24529 25306 6474 21691 16021 1897 21443 4119 17061 19342 18040 1437 7573 26792 11876 12258 14090 9757 6016 28735 23585 19887 29386 10841 30495 25886 21143 23249 7003 26880 14619 1351 29032 1245 9526 5525 20359 1167 18816 4169 2636 31448 6552 11876 18832 
5462 3996 11590 10564 1798 18046 21512 1289 0 29800 32535 3602 10177 27060 9856 10182 19279 6957 7384 17322 9745 6997 22220 16966 6441 24238 8753 22796 9730 17235 2130 1804 28729 14810 25209 244 16327 2921 19644 12363 20340 30998 25355 8686 29561 12421 29815 32715 25716 20925 6340 29149 14993 586 21554 617 25846 18841 13704 24952 10607 12944 6753 9108 30811 28269 1468 22470 8407 29921 13502 4304 12586 23917 24011 15784 3953 28156 17861 27957 5771 6850 6051 22861 17222 29525 10805 21743 15819 14601 8247 31165 19272 6801 3732 12477 29661 20691 5373 29265 26825 6411 5290 22900 30421 18468 29039 26167 4353 29523 2307 2939 16237 27126 19596 25585 32394 31916 10351 10831 23170 19893 9814 20692 21221 9868 30083 21503 21142 3779 17748 9355 18421 8223 7703 17583 10574 21492 9232 29844 29057 17858 28872 2583 24819 10000 28312 20416 3764 24713 25206 1794 5618 7254 4095 27061 27551 13755 9157 18130 10334 18933 20442 5742 21171 26195 18078 8441 30059 3987 32710 5559 3657 7808 29613 11391 8435 11721 14558 11955 31260 5411 12258 896 28403 11683 10567 7000 9420 23382 12786 22189 11533 6178 29095 17392 347 31713 18390 20681 
23721 311 2832 7210 23901 31474 658 32452 29800 0 4583 3026 29255 9878 8898 9605 1230 21482 14297 10184 14334 18151 18390 17771 8091 31479 12006 22415 22423 11189 14299 28531 11851 19029 3720 636 19959 6992 5978 23683 380 18516 26675 17507 28760 29292 24204 32450 28131 4204 3786 6944 14280 9631 2273 14110 16327 7348 11815 9232 23721 21221 5243 6854 32388 8042 12951 27031 16945 25374 20913 18607 11 27760 89 16538 12777 15244 655 20241 19550 29386 31524 13828 26416 32600 19027 8424 20759 17955 23967 3139 27319 24844 27888 7030 25824 14408 24809 18634 15877 1047 24204 7102 6906 682 13329 20879 22258 28239 8963 9225 26297 32734 17309 6797 27438 2408 32100 4451 3844 29982 20742 25409 3001 13440 28530 24860 29143 27591 23096 1071 4203 26005 2338 1609 6083 6875 20756 19547 21355 23307 2081 20290 5994 24703 8943 28370 15546 23849 18253 23332 18694 19324 4114 33 7591 3994 32313 8015 18913 13504 21307 987 23642 21231 20652 31975 20444 26844 6425 2582 28492 13849 11808 26197 19690 24965 18385 23788 10443 30706 325 5318 25236 3861 5757 15868 21113 6323 12158 19880 9589 12809 29866 13289 6348 31613 26721 14386 
27055 14239 28917 10862 8387 7159 31858 24240 32535 4583 0 18323 8395 20399 18953 3534 15451 11316 14120 258 26412 13984 1646 19311 99 12771 4669 13663 5020 10590 1553 8139 19001 16548 30563 12338 24299 2680 20189 10677 16255 771 19908 12151 18666 2390 15267 27700 18839 29728 2100 23329 13809 7600 28052 11779 15148 814 24232 3218 7256 21270 19914 10512 1449 1782 6072 26150 16896 25705 7870 2559 32446 339 25122 15016 2506 10078 7633 16294 13792 12981 15944 17625 20764 18432 13509 6801 22983 32161 30639 12014 23905 21549 15171 15485 11760 6701 11904 27153 22920 5910 18517 22495 4123 6534 28937 21981 25474 17601 5099 16220 3532 14699 25915 14308 10694 30088 26712 17744 2508 1970 555 810 6351 29081 9172 27465 29094 21952 22931 28585 6298 19574 18938 24971 813 31763 29009 25038 23083 20597 9545 22156 8691 28090 11493 8697 13575 14911 30885 5752 15570 7129 18165 25599 5305 17491 16597 31405 17253 10537 23242 7849 30287 643 1541 10557 11149 28019 32210 13108 30172 3443 15683 9329 1774 18714 26910 25808 27638 32287 14852 10818 10353 18576 13027 8227 6967 14675 12190 25567 22979 6110 6139 4806 28094 2867 17102 25900 
6219 23593 10505 11437 2022 5379 24002 3569 3602 3026 18323 0 16489 24923 20994 17174 5132 8456 18228 2115 6707 7769 12659 28606 9762 12535 29893 26003 14001 15401 10990 18633 21104 12196 2220 22485 23801 29332 21041 5439 24980 25836 31457 28818 3858 25322 19533 16265 24803 30446 12400 21368 12666 9597 31529 14073 12771 32656 20216 24536 674 26402 30973 24897 27086 12794 24622 27176 25199 5813 25560 7160 276 4120 17753 1408 27065 8852 31005 19995 21208 12314 31446 23838 20941 17953 256 2439 27760 4597 11156 7652 11245 26434 2571 15490 11495 1249 5271 28631 26829 995 29853 29490 13436 7387 14455 32673 12310 12144 20072 10530 9250 14371 25311 6158 2021 8286 32241 10946 11519 5309 31761 19344 19530 19873 15889 1765 28656 30194 11358 11708 30411 7221 27000 4163 11522 22990 20401 7372 13793 7319 5671 28407 17145 16034 14595 6942 21624 22603 243 16897 32459 30849 17894 14514 29042 12118 18695 20675 15139 5829 16893 3246 1826 17859 31585 19589 20448 22921 6783 16091 17107 288 28242 8691 20885 14126 25018 8487 11328 5632 27904 23195 8457 29145 8844 22819 7452 9594 13029 3698 19127 15601 1002 6533 2185 27302 14159 25935 
11181 15259 11002 16083 24347 9659 27293 25635 10177 29255 8395 16489 0 16606 2784 24777 21151 31207 12377 3744 12571 22507 26666 29100 12118 12964 27823 14078 11186 4072 23563 31660 19064 20810 30839 14219 26050 8948 15050 16176 7593 10180 25417 31018 21680 7846 29873 8825 9329 32050 17794 15954 5766 15238 5006 3350 11705 19813 17858 9872 2928 1169 18483 4975 15699 22630 11885 516 32576 20151 2040 29245 32113 494 4908 29922 25323 95 14902 23054 16427 236 1643 27377 5644 10463 30156 2756 4347 24324 24282 23309 16478 26630 20124 16149 22082 18445 3310 23207 15173 9621 13069 26634 707 10640 96 321 2884 6335 22920 14466 22309 8782 7595 7157 27013 8111 15869 174 13171 16825 17296 12525 23894 26368 12125 22932 30877 6007 24723 21226 26024 24901 27936 8335 31223 4836 6269 17599 12945 3712 21694 17099 32439 12943 31194 27861 28361 5037 7992 22732 21369 954 17275 6311 6447 8759 11919 4582 27580 29149 14835 4166 28227 12159 27465 28611 4965 26145 3356 31188 25003 31834 12785 20962 12345 14055 19858 3338 10161 27793 20630 20757 4965 26433 29236 5812 20161 11873 5193 27393 23288 13942 28072 19506 26861 12795 26273 32160 
5709 4240 9721 30552 13274 31780 15047 17800 27060 9878 20399 24923 16606 0 20312 30524 17379 30695 8058 26717 18267 22705 6173 10620 27734 12692 5854 8151 18142 8698 16129 1437 587 13081 26767 6586 16764 31589 6320 2529 7768 2614 32582 17115 25733 26550 13771 4879 25446 13581 15213 19282 29531 14544 27240 18929 2612 25511 25251 7164 31479 6461 9614 8405 15572 18798 24379 23545 21861 9643 6332 24846 16938 32433 20412 1581 32069 5740 12129 18546 31090 29221 26209 3777 12618 30963 22115 14043 9657 27233 6296 6305 26556 31068 5018 27560 2400 5984 7813 15102 4600 15331 27988 21307 20894 13313 17022 22219 12269 18025 8657 25723 20989 14216 142 31810 13215 31220 11974 3665 4059 5916 30196 24670 13478 7214 10460 13613 7656 5960 8356 25184 29614 28899 25392 16513 18348 11644 28355 8525 11767 25477 26323 14402 3328 29068 7724 8556 16596 16554 14921 29292 28050 7982 27632 458 7469 32651 30988 20605 1124 10111 5072 16824 2815 7044 15113 3319 29516 21116 8131 5706 15577 32153 19488 6368 7795 28810 1908 20440 13151 30189 13221 2372 14296 7153 8131 20350 28873 17738 3043 5295 6860 2651 23105 3229 31843 13983 10646 8374 
6721 2768 16750 28837 26108 18546 14157 20214 9856 8898 18953 20994 2784 20312 0 11442 12115 6145 12056 4377 29416 3805 22957 27312 5040 26318 20798 1133 2046 28361 29420 15216 17724 16727 6798 8104 3897 2641 10653 26026 27060 29662 32353 9679 22569 22190 10077 9356 22492 2424 24312 8214 16419 27570 7021 24374 29945 1936 16117 32106 6080 26432 13363 12349 8790 31076 737 489 6235 8400 10425 15658 15041 19333 17062 1637 27029 11501 21035 24058 8205 30553 11028 2023 14034 12473 21852 5278 22672 32410 28510 1832 21691 1381 23615 21627 15524 14039 19100 14360 30396 11196 24432 6633 13352 25840 4424 345 29830 3991 32683 20917 1022 10396 21188 19395 8076 7016 28497 4257 11149 14308 2769 8672 10376 7090 27625 6880 21055 27303 25367 8047 5365 29324 18330 15261 17666 5654 1185 12515 17557 6948 692 27764 968 14392 31072 8930 1770 32056 29990 19701 24329 29542 7589 457 16575 4253 2055 27175 9534 22989 8618 18725 8606 20666 32528 22016 24678 2289 6920 25401 26969 11 21021 3823 9091 5414 9792 30845 15748 15265 5810 14164 26652 17687 6196 3867 3831 24223 31090 7429 31674 7490 16301 31346 3918 13756 18344 4297 
32434 31933 31667 2113 10295 4516 27363 2625 10182 9605 3534 17174 24777 30524 11442 0 7356 3473 4907 16317 26566 16402 30642 18650 2560 14125 27463 5629 18722 15992 16824 11440 7837 9161 31662 14106 31155 22019 25068 7787 6871 3616 20428 15755 1095 11903 18679 30724 15336 17519 13925 16685 23138 22524 26260 24472 9084 30202 11533 30909 9146 8272 15636 12520 3893 4230 7086 27489 23994 30865 17625 30427 24615 11742 24584 12831 19202 27293 8157 29944 29275 4432 10538 18786 13027 7828 7466 16623 17485 13615 8956 29306 28901 28763 3169 27663 28272 26705 29111 9498 21571 5401 24885 15567 27303 31633 32105 4314 20332 20667 9967 30792 11211 32588 3443 11957 30594 15218 17386 15287 1322 4325 13325 25226 21468 5938 3351 26110 25093 14403 2495 11421 32133 13618 10616 4385 19727 21840 14568 27414 3773 27505 17830 7115 18418 7546 22841 11134 25206 6701 5965 17096 29388 10548 6968 3143 9174 16748 12461 19083 940 4468 17343 11843 11705 9845 9242 14504 3608 7476 30589 13865 14894 2390 30586 7513 6792 32499 22130 24086 25079 27230 26571 27899 3562 8755 26485 5896 27659 24482 31901 27023 24861 2299 21423 14946 27926 31354 27538 7228 
11126 952 20229 25943 7270 8472 3474 12263 19279 1230 15451 5132 21151 17379 12115 7356 0 32440 28769 6457 6985 31164 12469 30202 2981 9051 9691 3399 733 12163 21212 14261 18320 7266 14634 10497 7142 1536 30443 20679 7031 23325 22406 29313 22905 28493 620 4291 2862 9810 13352 1973 19085 13498 11689 29394 15663 12730 17870 14815 11132 30282 18739 24878 21527 1409 5180 30997 1927 31282 4960 18602 22568 13768 5559 4032 27217 19551 7622 31783 12486 27172 7306 11807 8545 11759 17092 26654 11772 13599 21636 17859 3490 21685 11000 5658 8695 15284 20598 13587 1252 31416 25287 61 2695 11477 10167 17095 17243 15795 32731 13497 19107 2279 9122 26991 27933 20116 22174 18775 29668 14658 32020 29419 8102 28926 16322 7921 8199 30644 10736 25586 4949 19145 28091 29945 23150 1533 15005 14222 19694 895 21057 19698 6558 13650 18309 27292 24345 13279 5072 7668 18623 15836 28311 22351 15328 9565 4906 22571 24865 26168 24772 24748 5682 24990 210 14422 5044 31478 32642 28173 21348 4605 656 27466 653 5661 2638 13984 3245 12042 26866 367 2662 13988 23588 23782 8359 8 29895 12863 7196 10232 14599 23095 21715 27245 11428 28620 
20699 16079 21310 21052 23248 16669 7175 30730 6957 21482 11316 8456 31207 30695 6145 3473 32440 0 13791 31927 8283 19342 23272 20723 7147 32417 28549 9641 32296 29902 12105 30087 6754 15483 19342 20170 14935 1920 16532 8459 13421 31883 21464 25932 16687 28884 14257 19523 11274 22018 4146 24294 15177 26717 21819 15672 27470 26933 19937 26451 22802 29074 8449 15543 30688 10526 14112 7633 28238 27984 27013 23502 13948 13530 15001 25250 23953 15189 4990 18772 32371 16683 17135 13452 21446 27589 14680 14176 32040 4598 15926 7771 21419 167 6833 20686 27027 964 30071 13403 4433 16230 23515 16063 1983 9538 13359 8672 7582 4690 5471 15896 31821 24771 16335 18113 25036 31263 13174 17665 28657 13755 7995 25814 27369 3939 9616 14437 754 580 12877 23936 1367 5146 24015 12662 4268 23707 6481 32544 10316 5412 8330 21288 17168 31906 27785 25244 12625 7107 9165 12211 30241 13662 17320 22751 28613 28448 32470 15892 27510 32376 3417 26711 89 26053 27032 24458 19900 3518 14007 23159 30868 18210 19513 29979 1075 161 8917 22837 25166 15626 7829 1295 22063 5558 29238 7308 1847 21812 6075 28786 24215 30263 6739 10233 3151 4797 11630 14484 
26794 4838 11259 4687 8138 30313 29707 14997 7384 14297 14120 18228 12377 8058 12056 4907 28769 13791 0 25050 28808 26001 28999 11627 8877 9802 11270 6965 29447 29080 4389 28128 12823 16755 11140 15974 4628 11914 16983 17065 21564 11262 19990 1366 14428 2651 32167 2809 23197 24024 6090 8289 27538 9169 17605 20023 28287 17281 3153 11738 27115 17924 5060 7038 13929 24973 26752 388 22435 13283 25244 14620 2984 18466 27601 15385 31864 17329 13992 9237 16333 22143 12769 12997 4396 19074 17447 24479 29228 20081 7154 9898 7430 22464 8125 5285 30045 14301 19049 19548 25423 16554 32753 326 17596 5179 9807 9059 24791 31698 3758 14421 2539 25112 31442 7614 22895 19612 19141 12505 12877 28817 7875 5980 30062 16068 31079 9613 5258 733 11799 7587 28463 29143 10158 17503 9744 17345 21352 1771 20624 13495 15379 11763 16526 2331 8564 23042 16499 28953 6135 17695 30585 26459 31899 1448 24638 26376 18716 20079 32137 5379 5218 26643 14684 14434 19243 24480 6715 7724 27893 9834 15036 17495 22830 7975 12111 26626 30878 21579 17999 21231 20245 21417 20041 1093 16721 27463 20108 4228 6963 17282 24050 21704 8739 4707 1006 22850 16320 25664 
12238 22831 31434 8818 5381 5082 6686 11192 17322 10184 258 2115 3744 26717 4377 16317 6457 31927 25050 0 26441 1356 28980 21135 16922 30733 22774 4653 32661 4973 21017 17436 3818 14832 7983 4704 27423 22268 30409 3392 17196 7071 21679 29610 23386 26019 6753 13284 9181 31957 6862 28789 16561 4754 27988 5458 32434 12180 9208 18764 29183 31739 16614 18362 14737 3486 1836 28259 9239 10388 691 2991 12820 7678 25471 14607 12603 13591 2088 19881 27915 19070 21401 13640 12455 4547 10759 14211 5624 9520 12597 31533 24070 20442 12262 20988 20115 15848 10402 6270 20729 32547 2990 13880 20037 1982 7238 2592 1173 7015 25886 20287 20911 20111 22552 17823 12003 2550 30023 11130 23075 15483 5412 21158 26721 10018 12815 24123 15656 28517 19721 29831 9085 25536 18865 28980 1016 7800 23932 25527 29727 29356 28217 26108 6915 20383 31685 5968 10014 1604 28938 18320 20844 7434 30782 7824 10696 7658 11866 19405 10376 2734 20953 2647 16732 25476 18611 1273 29540 27588 6553 26283 4753 6397 13426 9018 17983 22599 9750 17461 30991 5572 4938 17947 13834 12919 5883 20931 12019 21578 24511 24076 26604 15451 10378 1478 17486 3975 26797 7648 
16734 4630 19046 15229 3533 2833 18397 32 9745 14334 26412 6707 12571 18267 29416 26566 6985 8283 28808 26441 0 18495 25219 27499 31079 2301 24061 11102 31254 10950 14290 17793 20302 21692 16059 7411 4844 25700 27254 11028 8180 26429 22552 22088 24191 5532 22676 8174 28639 19147 15755 17823 1813 13923 20567 12716 31093 17126 8019 22226 21399 28064 3437 21312 32385 3007 20462 30411 16659 14513 18057 2160 10675 27070 22946 26379 11322 25319 19169 24919 31 2302 9207 24870 2786 19719 12207 17890 25275 11470 10552 2627 13699 1225 3506 4434 8163 12080 15351 13983 16572 11354 20140 32190 5334 20571 23688 32008 26317 12764 2788 24464 24376 22074 7812 6756 284 22243 30372 12549 7825 31725 7749 9513 4530 2040 24506 28080 17866 12613 1646 4325 23741 1047 15096 15862 31925 10827 9570 438 4622 21555 16822 29329 4484 16056 4810 28624 1691 4783 8013 20495 31311 6523 25874 6908 32252 741 11932 10834 26256 14392 30442 19989 1008 30881 18309 20496 24744 15046 15559 29324 21975 4004 7278 18002 32602 686 10850 29667 23607 13092 10179 21495 10061 8881 10294 29492 13370 30024 10609 23856 23692 7745 6404 19113 18732 13999 13418 3843 
2180 15698 19704 21504 7276 27723 31799 7429 6997 18151 13984 7769 22507 22705 3805 16402 31164 19342 26001 1356 18495 0 19652 8237 16566 25140 20947 5805 17669 24035 14425 12086 379 26684 4319 23778 18351 18852 25046 29948 3779 14224 25267 6861 16292 21486 72 9635 24707 13521 9828 11555 15252 16481 2734 10192 23815 26882 29887 18396 1092 5571 16255 558 25706 17162 4034 27572 20490 10110 31779 22763 11296 26932 8736 27565 18003 12062 25719 31546 27246 6833 20160 650 21279 30165 23115 209 20974 8466 4156 30803 19073 3577 17638 30571 23823 20944 26725 22486 23586 7298 10366 8261 27025 8134 24507 13346 22205 12943 3522 15778 9227 15540 21751 32269 15266 14048 14675 28745 17254 19132 7299 27053 8757 24411 13124 9476 5217 7655 28670 25568 27502 14986 7840 4641 21773 3487 11707 6086 17753 18713 24802 17651 24657 22067 26689 1091 32406 10074 6524 16208 10598 2649 17867 8576 10712 18115 26963 9490 1881 5285 12231 5737 4456 14189 2623 31128 20622 18709 21081 32302 31392 404 13966 27972 17977 1671 27607 15813 14707 3868 24704 15101 20453 26687 27724 26980 5090 9480 14794 5548 1775 1892 25847 14857 30086 27906 2838 9665 
21847 17736 11355 18532 24243 501 13648 5328 22220 18390 1646 12659 26666 6173 22957 30642 12469 23272 28999 28980 25219 19652 0 31570 22865 5735 14910 23693 9234 18949 24410 31191 26905 28677 26314 25745 5653 19559 13357 6279 27917 25855 13588 26773 4011 13108 17398 31867 27850 15609 15191 23549 15427 12553 1332 17215 29940 25191 12978 15455 26898 16149 26631 14932 29872 7700 10409 12551 27280 156 20406 26288 11049 8861 16547 31347 4602 30326 7208 23610 9486 26612 1387 12757 13007 654 17261 25937 18960 22240 19122 22678 14421 15206 31540 31300 31334 17530 7817 14287 19220 3984 29268 2265 15435 15792 19178 4047 1624 14644 6725 3016 31100 8900 26414 6043 15794 399 166 29247 19644 4811 31126 19559 21109 21615 14519 22366 24402 10032 10436 4384 6458 9146 21727 2490 22152 32561 32065 7651 20318 6887 28709 25308 20781 7007 13047 16261 8321 8834 18361 28353 29969 2336 6838 26380 15367 13226 25706 25434 3213 24110 2993 2354 31386 31636 21551 26635 13307 1047 25856 19943 5028 20231 29601 11566 5944 21437 7966 4045 25302 28127 18300 21392 16167 214 28010 11196 15782 5773 26148 9200 28463 21868 28584 8254 22731 27028 28956 5765 
13860 12386 3674 5387 19226 1720 17898 20449 16966 17771 19311 28606 29100 10620 27312 18650 30202 20723 11627 21135 27499 8237 31570 0 24920 20087 3876 11826 14798 25186 30601 20070 28474 2049 9200 962 20801 23496 17587 10188 25471 6569 5447 19429 27554 30689 25469 12219 22729 19464 1528 4081 31 9816 24046 6412 27316 20284 16418 2721 12444 21277 24866 22206 7498 2153 8382 18839 6447 15333 20682 1394 5262 28469 21268 24276 28579 21928 10920 25836 7156 31561 23619 8768 29431 16931 14870 24983 32229 8660 30396 807 10974 21846 7038 11775 11070 25354 15814 27063 30527 11013 4065 27735 13008 26527 10489 10373 28597 19513 8274 26611 2272 11855 22469 32263 4878 25790 4474 24268 7846 18775 11498 9754 18126 2213 10005 23297 18895 11259 14847 31611 9899 2497 14193 7251 31741 2048 31470 10576 9232 23851 3828 4518 19011 15153 24948 27807 30109 4289 9108 25221 17580 19676 12452 26067 22179 20641 6238 2204 7604 31572 10339 31292 5802 31920 4338 31038 8651 22895 235 17805 30957 19991 21763 24287 32471 31752 13897 7006 25563 3267 17370 25241 23473 14204 9185 6314 24726 21730 6098 1449 16293 27950 28648 17744 27253 27755 31196 2800 
17671 10500 15012 31593 3292 32562 3661 24596 6441 8091 99 9762 12118 27734 5040 2560 2981 7147 8877 16922 31079 16566 22865 24920 0 11194 6190 24423 18593 31602 12952 4178 16278 3954 1016 7524 10065 6422 10675 21312 22508 15415 9430 8173 16459 11978 13411 24469 8194 31162 25053 8318 16771 22279 27665 31302 141 26911 31783 21604 10449 18301 20713 14299 30950 7296 19538 2112 21872 20622 3931 16367 30860 32362 4098 2954 10624 11474 21916 24754 18592 2396 18269 27657 15235 8338 14629 29288 1383 20301 8844 350 6113 26959 11313 2794 10185 20773 32575 18553 4710 32059 833 289 7894 9792 30247 3872 10176 6845 2713 16528 31038 29681 30844 28525 28420 10223 11202 27849 7894 13563 32118 6990 6953 25121 8968 21749 6679 20759 16342 30725 3209 23894 17660 14159 29089 1139 2909 2472 29285 21443 21489 21671 4530 5935 6737 11936 31840 17749 25985 21473 17842 25825 765 11052 7169 26410 22535 30069 16809 13328 13616 1245 22067 25365 22564 5871 15300 23995 1979 11801 9414 26397 30269 1646 5590 17617 22005 411 26606 1277 19449 9767 5843 7607 11576 3568 26561 24995 12742 24546 13397 1480 2660 12537 26043 13490 1106 26746 
19375 29651 25390 14079 2644 18091 18070 24627 24238 31479 12771 12535 12964 12692 26318 14125 9051 32417 9802 30733 2301 25140 5735 20087 11194 0 3919 27014 12798 24703 13572 13558 6451 12957 24802 23820 24153 18309 28521 12369 4172 27804 800 15902 25239 13811 9650 24681 12202 11190 21064 24527 31326 8151 25894 24034 2731 30715 11401 29108 424 30629 5824 8869 196 22178 14729 11625 16452 12214 11951 16222 12541 4996 481 5132 1362 19395 11221 8445 15728 6815 22173 15295 4809 620 26441 26167 24271 24978 2238 11561 22770 28342 13270 17669 18397 24869 28857 20724 492 20870 19836 34 22769 7872 17912 27981 19753 25385 6380 27791 9081 17905 18006 13161 15086 13518 13070 1808 15731 20968 11685 23804 2004 8712 20605 6575 25844 18173 32042 22978 30795 21070 27912 28982 29603 31783 4893 3321 29716 19069 19249 8887 8765 29828 4652 6883 29124 3667 17327 24837 7184 18645 6390 17990 12870 20980 25838 25146 25218 8449 18834 24045 19543 15207 25228 21809 138 15760 8456 14887 2058 13335 21723 26380 3635 4400 7893 19013 2628 19028 18532 22701 1054 27186 15466 12831 20543 8914 7520 9279 24319 11275 13483 30605 31498 31271 14143 12972 
4983 20506 8459 31893 5653 16305 12600 24451 8753 12006 4669 29893 27823 5854 20798 27463 9691 28549 11270 22774 24061 20947 14910 3876 6190 3919 0 354 25238 23691 6054 19526 4990 26004 18641 25056 24013 20254 22229 31046 3937 17966 10510 6173 19726 11454 3693 9524 31725 16763 3686 11363 11495 20158 2585 20386 13954 31945 31171 8557 26859 9027 21095 25687 2116 13814 24505 27629 31024 10439 7756 6862 19356 26358 25084 14856 4048 14744 21662 9653 8631 14674 6375 2774 22122 10072 7577 12911 14339 18853 27893 5604 15265 9852 1117 14484 7607 15136 73 692 20633 2511 10348 6510 10569 6917 10279 28730 13951 19951 32559 3964 28151 5165 30331 19551 7168 29901 9584 28145 16706 29317 21327 31616 19150 12591 16607 12340 20588 30346 9815 20462 17697 25136 29071 22880 17919 30931 4199 20845 29490 24252 21368 9155 32584 23942 13562 21687 24768 4374 4085 97 20950 22495 5035 25336 2701 25172 32581 26224 24829 32174 29117 29009 15327 30176 23052 29403 855 10967 21397 26712 31746 13559 31441 22465 14400 13523 1596 31637 3011 10795 12159 7157 11607 28204 14560 20740 29428 11491 6887 10878 21506 31234 9809 30871 7660 23768 9786 12823 
29589 16413 4791 18948 20417 20686 5961 9639 22796 22415 13663 26003 14078 8151 1133 5629 3399 9641 6965 4653 11102 5805 23693 11826 24423 27014 354 0 16434 29432 25605 26960 6572 23672 29683 2988 16696 28115 29398 17049 7664 8296 32204 8730 17157 13241 9266 22447 25565 9777 9437 20164 16749 6197 15000 19801 3284 17774 5086 21747 31545 85 20953 21443 1766 23552 10907 29205 6566 28716 2716 2044 7260 25483 20852 1851 10212 10320 1497 25974 21295 5880 7388 21146 23194 21339 12384 18315 7310 10227 16603 14605 10078 17260 24145 31476 21598 1133 21646 8079 11328 16294 13988 24402 4275 11290 26020 21699 26430 25005 28320 6311 16730 5617 23521 2670 15823 814 21862 20700 8016 9649 11421 24313 21594 15190 12133 2363 27722 12632 24132 30450 13758 27736 25061 31732 558 5804 23510 9866 19146 24810 28287 3482 12950 24756 6246 11030 8644 31174 16033 20133 30290 32062 668 29841 1508 27435 16141 3312 27876 601 18485 32534 26328 2651 19289 30011 11268 986 27008 15464 4160 11037 26990 17576 24347 30937 7393 3436 12594 3386 21771 2623 14026 12594 592 19371 13237 23042 23361 30827 10339 23303 9944 25299 25671 12742 1526 18045 
7982 8310 8532 17416 4530 22096 21205 17561 9730 22423 5020 14001 11186 18142 2046 18722 733 32296 29447 32661 31254 17669 9234 14798 18593 12798 25238 16434 0 11122 19528 20789 18592 22753 27887 6750 17230 26281 29749 27638 398 10074 20781 23331 1209 27682 8499 31124 19089 19054 26678 6200 29991 8894 6984 8506 4877 25800 10596 9536 21437 19664 28287 30694 13385 5703 15570 30581 28741 24483 26726 23528 17137 15230 225 10530 17579 10995 9616 8297 28820 32052 8118 19750 7809 20592 12052 2272 32037 12260 13496 4726 22652 2880 10250 5276 14459 828 532 14233 9207 18299 2834 6719 5075 416 13883 20011 25197 2479 30671 13119 17227 24486 16737 20061 3841 9820 4198 30565 28518 7065 15102 31346 14328 18807 26370 2128 30349 27897 22350 4673 2108 19945 31569 27890 16010 1015 27859 22200 24793 25872 18438 15631 5645 6395 2512 23893 641 3642 24662 7363 9770 19488 6605 13228 18185 24111 7550 2042 29655 21685 6936 21222 27372 5798 23610 28152 29040 188 25664 25407 26309 3532 19021 7377 8244 1132 31130 20357 22743 26051 17406 31984 16839 6576 29374 10398 32391 5151 16791 7314 6577 28584 28681 22784 15839 14697 21733 2890 
13593 525 9940 14280 24709 1841 21872 29979 17235 11189 10590 15401 4072 8698 28361 15992 12163 29902 29080 4973 10950 24035 18949 25186 31602 24703 23691 29432 11122 0 27849 25769 21818 20249 26945 27444 763 23800 19303 18962 20680 12883 12974 3643 18883 27787 9397 29718 27866 22863 5211 3910 25863 21003 29217 11447 24774 24461 16832 6888 9431 29177 28939 17531 13878 14575 27655 18683 14168 26619 10824 32749 21671 29501 12687 4634 23616 4186 18849 5404 23788 1955 23914 21799 26716 8580 17747 14617 21673 15408 30433 27844 6412 21899 21903 15739 8666 5463 8429 21724 14275 9122 15354 15837 22092 22384 18878 24601 3466 2469 23340 23900 19233 6197 10807 32109 9852 25999 7730 5148 3150 24647 5485 3468 25930 24324 12302 3266 5150 23721 6189 18542 26294 24775 820 4601 22191 8258 26741 13008 13593 8770 10509 3055 7538 30045 9464 9137 19423 16643 31093 3543 12973 16171 25757 22999 27400 27196 2623 29543 23802 27453 5630 8522 15015 5184 30382 3674 10951 29452 12011 2262 15973 18443 30460 25581 3543 28020 11239 10123 6397 31417 18389 31331 18109 12338 24488 29246 8127 30475 25050 13955 8294 363 4761 8455 15887 22247 289 18711 
16324 9695 6268 4553 12971 26905 31807 23143 2130 14299 1553 10990 23563 16129 29420 16824 21212 12105 4389 21017 14290 14425 24410 30601 12952 13572 6054 25605 19528 27849 0 28754 2369 15877 31525 24158 20826 30849 24979 8855 15628 20459 18927 28874 15715 31056 19025 32624 11520 8655 19979 16463 5995 3163 21644 27221 8859 22195 8341 20657 18115 415 9120 17203 16479 6253 12685 29670 26751 5035 18574 7660 24402 21286 31061 27033 13558 19235 15228 18900 31872 16605 14901 20138 30023 12863 25908 10547 13941 17635 20953 23722 2256 22603 14498 22728 23238 5982 6864 31074 31415 9510 23640 10051 903 16585 24077 5707 10084 31941 25612 23752 17620 25968 21608 24596 29186 12976 6679 21104 27210 24822 14364 15905 2563 19841 22774 22985 17549 12754 26184 8712 16539 6762 29898 29780 1730 13515 4208 10005 28226 4270 13529 23300 13332 12417 32251 454 26677 1317 23821 21956 7474 12518 23989 16205 1524 11707 18290 25327 28109 12991 10060 21779 14019 29935 3514 11991 18972 7974 3285 49 10027 7510 17083 23361 31833 5896 31814 29942 30327 13591 15342 5861 12868 3753 12539 24166 31802 22895 27376 1265 19101 14622 21812 11704 7622 18989 18178 29829 
13470 31585 26007 17450 1731 16946 27555 27584 1804 28531 8139 18633 31660 1437 15216 11440 14261 30087 28128 17436 17793 12086 31191 20070 4178 13558 19526 26960 20789 25769 28754 0 11549 184 15069 32400 24700 1976 700 31783 20950 8648 9425 21064 14013 18487 10754 23156 14586 28947 17552 31048 20646 9718 17240 28910 14221 9490 13386 19398 29124 14463 21032 11089 10120 12228 6528 1887 19546 10148 8427 10617 20313 3115 4231 28816 20704 249 21683 10471 6497 7118 26634 1087 19840 7510 20642 32322 7027 5174 11398 14641 23961 5719 26994 7889 28250 31859 974 20884 10558 19422 26861 14852 21841 14998 22663 15477 29878 31118 24948 25322 13706 12599 21931 1864 32764 23631 20859 18874 23978 27887 12808 24421 13886 26575 5897 1357 7497 25052 19392 9095 11616 3069 13114 27808 11381 14626 5065 1357 30072 2702 23999 84 25390 11878 18796 15035 14417 23675 26714 25648 16617 32084 1480 16312 10474 10110 29285 26779 17423 24344 5966 10128 17142 17306 27722 9253 4477 6118 11589 32369 23132 20627 27402 7421 27652 5237 21317 15088 31415 23407 19385 634 31720 6013 15550 16259 5845 5117 9982 30357 26211 30527 24688 27655 2106 4685 5269 26475 
15390 16065 18918 6073 10028 31236 31256 23414 28729 11851 19001 21104 19064 587 17724 7837 18320 6754 12823 3818 20302 379 26905 28474 16278 6451 4990 6572 18592 21818 2369 11549 0 15789 15804 28892 7434 23828 3946 21260 4196 14771 30320 23615 14509 24143 13968 18725 11132 12398 7284 32273 28783 23537 5113 16311 5912 8176 12478 9002 3365 30934 21740 20757 207 25534 25160 30777 23430 14093 8567 2856 8410 19536 19345 9536 15788 30552 25065 13035 5014 1684 16411 14613 19608 18606 5207 22510 17157 21354 10733 25826 2477 1979 12825 14294 24651 3879 30480 1956 8241 20061 9548 29145 27955 2324 5908 2477 14034 13094 20047 2628 21930 10990 2187 2084 20765 22751 6472 15862 6464 28773 30346 20610 16646 19969 9119 9701 1196 11936 26157 11284 10341 15420 29056 10902 31559 11190 29714 31614 2677 26610 13147 18343 20622 1588 8667 8756 27990 32699 7014 8007 12707 27804 13231 16897 2954 15328 17175 23995 7882 9441 7607 18051 5497 19938 8364 27865 29934 25582 419 16554 751 8179 3237 30606 1820 29983 15396 4670 29850 25722 22342 15705 18436 12740 625 26969 9615 30097 28184 13775 893 18595 4037 3047 27845 1160 4455 1048 
32556 30131 30730 23152 25970 8827 13090 17434 14810 19029 16548 12196 20810 13081 16727 9161 7266 15483 16755 14832 21692 26684 28677 2049 3954 12957 26004 23672 22753 20249 15877 184 15789 0 18553 8575 24433 6825 1876 15568 230 24861 20016 5425 26833 11341 30327 22793 23962 13465 12252 25805 14486 23630 28022 2253 21571 14612 31770 10563 14788 1435 15865 25759 10656 18305 18298 11276 23479 13703 22874 31303 4742 10740 29699 5282 23964 11593 42 595 10076 25895 18604 9730 27125 29566 16809 9618 10143 4599 22754 3119 536 30116 19280 21145 3422 18150 15367 14768 14766 14751 2122 9024 28861 4505 5358 21775 16949 7989 4340 21028 15220 89 26978 13914 18048 12692 27234 16421 11342 15251 18847 29859 5685 2249 5595 2535 10925 12122 18389 898 8524 15177 28762 11603 27138 17634 16298 24720 17300 24426 25102 16149 23896 11269 28086 20716 24624 7400 24025 12317 31432 13504 22279 11960 19732 20066 12498 8993 20228 14517 158 18075 3722 13021 8644 21015 24783 5289 30446 17726 25265 12094 24751 957 25729 12805 9569 13521 7419 8146 17988 4371 16261 8278 32213 2694 20908 14792 25451 31454 23516 16079 28697 17426 20832 31923 24767 3877 
8592 27214 31347 6103 28509 20005 25715 8584 25209 3720 30563 2220 30839 26767 6798 31662 14634 19342 11140 7983 16059 4319 26314 9200 1016 24802 18641 29683 27887 26945 31525 15069 15804 18553 0 14443 20023 5340 14948 10397 525 5714 18120 32581 30398 1908 3262 17378 898 17492 31773 1222 3019 13370 22420 13741 9357 23900 24977 32665 31693 16352 6515 32241 11885 5140 21745 9434 30775 18412 16842 19668 27176 22461 7086 8089 4863 24121 8812 25139 17926 30635 7261 22620 27680 21619 28945 15643 2835 5829 10296 3227 28439 22430 22740 6991 8863 28423 21661 13892 8295 23438 7092 18631 27583 25858 25739 17207 31511 22126 17428 16172 8396 27480 16938 7370 24113 19515 26173 5471 19681 13891 2114 32580 2627 10824 29146 16114 20831 16141 7105 8547 12000 29370 4985 7084 31594 6039 21816 11224 2078 14347 9743 22280 10603 3540 14940 200 3095 26761 13426 6068 142 8013 18311 21323 10346 27093 2782 32531 12867 15517 18742 3823 4025 1127 22643 30909 20928 23797 17803 3892 5931 7943 24756 23036 14716 24983 30155 9999 9194 19028 15623 20815 179 18781 20447 30824 10404 7231 11833 9705 230 13361 8149 7070 13067 23438 32249 18225 
