200 0 0 0 0 0 0 0 0 0 0 0 0 0 0 0 0 0 0 0 0 0 0 0 0 0 0 0 0 0 0 0 0 0 0 0 0 0 0 0 0 0 0 0 0 0 0 0 0 0 0 0 0 0 0 0 0 0 0 0 0 0 0 0 0 0 0 0 0 0 0 0 0 0 0 0 0 0 0 0 0 0 0 0 0 0 0 0 0 0 0 0 0 0 0 0 0 0 0 0 0 0 0 0 0 0 0 0 0 0 0 0 0 0 0 0 0 0 0 0 0 0 0 0 0 0 0 0 0 0 0 0 0 0 0 0 0 0 0 0 0 0 0 0 0 0 0 0 0 0 0 0 0 0 0 0 0 0 0 0 0 0 0 0 0 0 0 0 0 0 0 0 0 0 0 0 0 0 0 0 0 0 0 0 0 0 0 0 0 0 0 0 0 0 0 0 0 0 0 0 
0 20768 9730 21713 6891 18815 12343 10359 6407 6417 20479 8654 12639 28016 20356 21906 28100 3175 29350 1451 15831 13045 28539 22999 9635 19103 21005 7316 23932 24826 10063 2128 24344 3448 2913 28884 7148 12659 30469 21741 22728 15993 26721 9308 27317 28374 17143 17921 20751 7271 739 10820 26847 8606 8020 30148 13692 28881 14412 4163 31329 19912 27548 9169 8784 21895 27930 22583 12201 16472 15909 22183 12805 2588 8284 24994 32023 27859 8091 3370 7363 22890 20278 25385 17023 23236 5754 33 10219 3852 10337 29717 8876 9017 660 29624 25998 31971 4006 9684 10970 32325 18576 6397 17397 4243 29032 11639 19002 24702 19814 32613 27929 30981 26137 7476 6512 10367 16870 5702 30250 23525 9666 11747 29206 23653 15920 15965 24330 6948 19326 6274 22072 30547 11579 27464 25040 10870 26877 32691 10200 18160 2129 21770 4680 29906 27139 26939 12393 22758 25231 14732 19824 20983 18408 18307 30806 30819 17512 11800 30970 3043 3351 4889 28282 15257 22305 222 4815 29788 10386 29742 24488 8512 24660 10865 4232 2665 4459 31768 15907 15889 3439 20297 3829 12248 14922 28367 14628 31307 3892 20801 20888 28344 21740 7281 9305 24368 1337 28952 
20768 0 14379 18926 31191 4664 9258 29642 11546 24293 6748 18661 30893 8304 14262 5432 1806 1584 8454 5694 7754 2771 2423 239 1071 1146 30561 31484 3764 28182 13142 25420 27814 26114 3434 1463 29332 7650 25795 5633 30717 14267 7521 3610 4280 19539 28719 19349 11940 5836 16714 2151 30609 380 26769 2785 23406 4111 6254 10479 14005 25312 20196 31379 3347 20372 31961 22429 10332 19193 20389 31916 10158 8222 18652 29546 19173 12467 4184 6660 1599 15011 11402 26088 10832 24303 3330 15811 11304 26062 4925 1722 22979 31747 1454 16615 1713 25982 6416 20247 32007 24887 31723 17859 16006 14918 4196 23885 25098 16967 16458 25468 6453 12525 5982 18490 10845 9445 4066 8589 27315 16878 15717 17107 1206 10294 16845 17218 5847 16631 14502 3999 30317 7251 1195 25406 8923 23660 11154 17467 13568 27079 11292 24311 22240 27875 31325 23765 3986 18710 3656 4662 28521 5288 12415 8115 26726 18994 29017 25242 24285 12088 30260 20652 15974 11269 2301 6932 7943 4295 5630 13483 18080 1004 999 5995 4759 5564 4639 25905 5573 13624 10573 16312 30369 562 18978 29650 22955 14510 1641 21480 25627 12664 12370 23989 8906 13318 11258 1855 
9730 14379 0 28560 22651 12940 10043 31310 31665 31523 31686 12893 29925 16196 15295 21826 11474 11994 26482 24828 21116 1229 9481 29201 24238 18088 8749 18399 4785 22666 30427 23329 20046 29008 1412 12991 22790 15104 5224 25307 31376 11129 7220 25114 32405 24921 2011 8495 32680 4398 25010 4270 5512 20193 10703 271 17049 16223 20899 2304 15520 32394 6358 24048 27838 17760 18275 19161 17072 7274 245 12622 14150 9831 11649 16581 6689 20281 13093 20518 1713 27408 32063 1429 7278 4566 3281 14460 22102 17115 3605 14812 7592 7361 12124 28374 29663 13738 13613 26996 20465 24480 1947 27581 2761 25925 13542 248 30466 2749 9557 6464 32742 24280 31826 21322 27560 10372 25288 24690 7389 31858 14010 12044 28480 18183 23589 18154 2983 22150 11031 1065 20289 12667 14096 7232 8722 17771 27545 6475 22705 14779 14883 14229 32064 29406 21795 20836 7084 4547 13419 17673 27942 31613 24266 296 32482 13620 13543 9028 12303 8268 14683 21647 8983 25300 4622 20720 32281 2098 16084 17494 5795 9740 16712 27196 25781 4474 12776 7036 22770 28779 32370 13913 29225 13140 19838 3271 11780 17184 17244 17662 12559 28500 9264 22591 16876 26754 3917 7141 
21713 18926 28560 0 6530 13059 7925 24251 10154 11049 21687 8232 23301 30275 2420 25503 210 2747 12345 19410 18548 30480 22388 4314 10494 21198 29727 9042 21760 12999 10545 6327 10384 31895 5959 23806 15772 13655 143 25975 4719 10145 19701 24801 28290 31940 14993 8399 29061 9545 18000 14395 30893 11431 6369 2920 17984 21570 995 19709 5982 4521 23374 9311 5138 19473 14111 31055 17818 29965 26951 8389 32499 22672 13269 26380 25512 16421 2915 13086 30940 17773 29118 16194 27797 28633 13530 8932 32587 31146 7670 10677 15282 22566 23819 13316 26820 25373 15482 7259 25107 14235 26870 24157 16973 12783 22960 31456 3087 6876 9410 21830 15599 25631 19421 1569 30405 4129 19766 24327 11066 8446 1198 7090 30099 10934 10561 31837 3775 25778 29362 17755 1951 22138 13173 24568 13717 31670 29404 6293 32081 31586 21381 13822 26583 20054 20996 26127 11732 28918 10189 15240 9507 31797 24165 14637 15514 16849 24265 9762 29210 18377 2334 10117 28375 16163 8346 23373 13797 20956 6067 28771 4355 25647 2182 30719 10156 9483 25995 27717 27739 2511 11895 10271 19486 4425 13681 19549 19551 27118 16505 19980 750 22363 4886 10772 5203 29451 11327 31253 
6891 31191 22651 6530 0 23163 7152 30014 29681 25350 22086 17630 25787 9735 9175 10949 9816 28072 4018 10447 13647 4319 11199 11680 18456 4219 24377 6996 9138 10863 16496 29288 392 20318 21949 11496 647 9832 22982 5594 27512 2868 24308 10474 9891 12861 28210 18007 18086 24417 31976 18206 1683 23208 22071 15717 841 3922 21366 27947 10773 292 32748 18734 6281 1012 976 28 27036 24947 29311 26110 11267 22842 22525 17890 32207 10007 8622 26568 2375 31641 15957 22223 24328 4827 4430 13216 26971 21902 5384 7962 29911 12361 18630 2367 2616 3348 17815 28767 5502 6963 5778 23684 5706 20784 12375 8990 21877 21805 9155 16112 23538 14184 26611 18490 9958 11023 22396 22823 21766 10565 15592 27257 18736 10869 2676 29812 32333 25047 6409 24584 2150 10049 2681 5187 32518 31536 11003 11254 19663 20758 28137 8102 8288 3045 25016 28599 31334 22748 14136 6867 5376 21650 14350 27808 8281 9793 18543 28835 4225 32085 20511 5487 30860 7476 9898 19475 12013 25424 24289 12227 14101 29546 3479 452 11335 30249 26525 1438 10687 5596 21244 2429 27651 9611 18290 9960 10121 7748 6703 1958 20619 24229 4305 15084 20518 22693 22430 26316 
18815 4664 12940 13059 23163 0 948 9029 6196 8462 24747 1644 28165 10981 22362 9613 15586 14500 23049 32072 12068 32282 15216 15583 3673 25225 13130 25134 13675 30411 16669 26862 20240 17572 22856 26923 27762 29542 2126 16643 16416 32203 30818 9633 2356 29967 1332 14201 31430 3405 18939 30150 11153 28444 21955 11585 23011 2666 29176 15907 4043 26265 10034 21853 29566 11224 27715 29974 20490 25027 11136 26726 8767 7998 2637 32338 13786 10127 7915 10248 7923 12475 133 22108 7081 20258 23929 12931 10765 16990 996 3599 24140 8024 2161 9771 17697 5036 30563 5655 24185 15936 15329 5350 31848 22816 10625 23159 4685 12444 21528 18354 16449 9124 8641 11781 9926 10595 17195 21023 20141 6171 32295 1515 12615 10561 30322 30159 11472 30425 24768 1318 28953 28180 19466 22011 12405 29479 27929 22536 8422 12910 6226 31471 6537 23234 21956 24504 22591 15640 15216 9611 15260 3419 31193 11694 32021 16523 18124 29378 14181 17430 4721 20282 17729 2679 12946 20253 17469 10509 28715 26877 18430 830 9010 14903 2465 16077 18601 8812 8043 32120 16097 23104 2227 6101 5137 24914 6668 21871 4888 24444 5559 24092 31375 21836 31817 24737 2578 14275 
12343 9258 10043 7925 7152 948 0 19886 25364 15819 14261 1254 3798 26749 19774 4027 24806 13848 15923 12734 14949 8485 14615 11166 14302 30409 3691 22319 2751 25710 14412 2492 28187 31153 847 10383 4767 10892 21658 7103 7634 7620 18756 2873 6289 21397 10990 4625 26827 28828 30114 21514 12921 14597 27372 8548 15328 2038 28214 5350 12555 20283 9833 22572 25219 27444 8386 31282 23378 22268 28915 1057 27191 3290 2682 14425 31275 7917 20294 10175 22036 21523 3975 2377 13256 21787 30422 32712 8774 13868 8838 14837 14128 26740 23882 6335 6028 24597 15368 18387 14268 31309 6140 29804 28347 28645 8721 3677 14490 24541 2941 16221 17467 15957 32667 1170 10316 13247 27405 5729 23430 14403 19475 2677 19496 30578 2086 23565 12974 18478 728 18058 31703 17625 29168 7737 26070 20414 10945 4958 11479 4029 25803 2946 25270 12603 11670 31998 19963 30537 2506 30920 27674 26898 32659 20093 29417 10123 1589 30383 28001 14166 5867 12145 20377 19191 23300 30496 7680 22843 13121 20852 986 3045 5225 711 29950 21147 29998 11685 14030 9745 18757 32404 27768 18291 17856 21030 619 2072 27311 317 5404 25957 3575 16285 12027 1279 25458 14520 
10359 29642 31310 24251 30014 9029 19886 0 8877 3077 9625 2429 9865 28946 12538 8211 1832 13685 4058 25127 16534 26561 675 25183 20901 22459 28863 22763 8054 7506 16841 11421 1861 17122 21237 25926 2682 28330 5309 851 16621 10123 7373 30888 32121 4355 14384 16061 20676 14954 18876 17912 22094 23915 187 14922 30648 10182 13276 22797 4694 27716 27738 21532 11000 22267 28010 32308 7157 196 17386 15499 27001 32250 10824 31150 10256 17525 19632 5536 8563 1222 14715 3889 9106 21171 2516 25244 9699 14582 3756 22885 12522 5171 3552 18289 13320 20791 23464 29030 13705 27256 23620 6213 2280 16586 14818 26183 30566 11102 23251 14581 1739 23296 25582 1163 19067 27793 21316 19598 27325 18115 32518 28075 20039 7957 1204 13523 4622 16910 29832 32661 15181 31422 17697 25020 20435 13682 23412 3113 16530 14775 13039 28915 21093 6033 29167 24764 28961 9213 30309 7510 6367 8357 9924 7576 16776 27363 4911 32378 30881 19960 13024 23928 5466 21645 18907 6181 13010 13675 17108 11534 23724 14199 2398 14802 6616 10482 12373 21119 16795 17902 28814 11823 18144 10772 19389 25827 26051 10644 24487 15007 24410 11629 13706 13255 12231 28383 6601 28346 
6407 11546 31665 10154 29681 6196 25364 8877 0 31031 16854 24408 8304 24937 4482 10005 16871 22373 2403 32064 16280 29922 17516 27602 24512 25861 16778 14638 18092 16234 2081 15565 29012 31091 30659 30763 24887 22993 7987 32753 30071 6737 13979 357 11572 9192 6409 28687 20270 4354 22831 10157 12950 25095 19804 3673 9524 4142 11958 760 10944 27271 10170 9190 4474 26947 28149 14816 6155 25414 17156 21298 8353 20976 30922 23330 11589 3880 21746 14749 8576 14762 28581 18208 1326 11154 27020 8425 17570 12073 5384 10591 10747 24048 28336 16575 3014 21994 268 520 27862 12590 3985 4137 2400 27565 9437 16233 3418 9024 24628 10007 28693 24054 7739 26483 12569 17052 22771 12252 29249 28558 23289 20795 11032 23485 8700 26800 29042 28161 3200 28284 4943 13984 11985 13614 32236 30495 27466 9489 11819 25673 10696 16341 9766 20093 19050 14461 9230 7229 12171 11145 5705 17140 31489 17253 2252 10759 23190 21777 1974 9247 32712 16658 13102 27317 7870 9369 126 18399 4235 9970 25713 23130 29862 28463 25322 8152 28073 3606 16325 12684 21834 26696 19699 24308 919 27827 4561 4837 1398 9018 18377 11997 24157 24483 26667 18565 12622 9410 
6417 24293 31523 11049 25350 8462 15819 3077 31031 0 16025 18389 8552 18319 30945 15325 7114 15341 22138 9708 12675 6673 12792 25158 1995 20795 12033 4341 30379 15431 15583 18362 2350 32193 5958 30547 27077 21830 12643 24564 18171 27166 14118 12544 31834 18199 4305 12296 2974 933 5312 775 12824 22071 21371 31196 9829 3036 10746 29447 19024 8471 1593 14248 23813 30720 2556 27317 31096 26524 30692 26492 27924 8318 5810 11097 12968 8862 30426 9912 7567 16505 17996 4429 287 27498 7807 7571 24660 17737 30911 10115 29117 13122 13497 14999 934 28152 23876 2814 3208 19162 6001 15905 29614 15045 26581 7766 24105 14811 14870 5603 3062 11427 22197 3383 4462 26210 13084 2148 30958 21689 18408 8160 6344 3199 22903 12413 10602 13281 24245 24230 26572 1465 29219 18651 20512 27179 31017 1392 15541 24710 28061 18306 29996 13914 30100 18234 31198 18390 13673 18759 6029 17764 2060 24981 3914 14983 2444 19795 24231 20980 8167 36 29726 4848 28177 16548 23489 5097 23875 28703 12324 24152 10375 22925 23431 32726 5761 9169 30024 1150 19839 17203 18312 22146 28099 1563 18716 16145 24080 6416 6070 1128 30323 7665 15957 24887 30036 12915 
20479 6748 31686 21687 22086 24747 14261 9625 16854 16025 0 20835 32103 12106 25419 19022 30636 28667 29328 307 25567 13955 26128 12976 10888 8970 12677 25889 13494 32754 14021 17066 7039 7556 29539 22913 4794 16858 28554 11904 27388 14606 27157 19947 18129 20897 32243 18047 24380 20781 15547 15036 29553 11598 31371 29812 16338 5326 18215 9876 6184 5392 20558 18738 291 26559 10591 15319 25876 13496 13357 6670 16361 21557 10015 28206 24169 23868 27788 11876 3250 3143 22357 12293 20464 20020 26821 32018 1888 31599 9126 14348 4228 3935 10404 31226 19112 26638 6118 22200 5526 23069 29674 29571 10133 9447 417 23490 22184 4852 25037 22 12549 21153 24471 2981 212 21261 12404 31651 5929 12615 8506 9506 31300 439 27774 5403 21256 457 13872 30397 13753 32225 26746 27638 8698 30587 28117 1087 22022 22433 1134 15789 20783 14739 9912 15413 8596 6578 17746 9022 22823 29869 19995 15725 17886 8943 15508 24237 18745 31817 12150 11390 27381 4060 16276 14463 783 31817 5107 6462 5883 13340 28455 27968 17958 14965 12785 29772 25002 9209 3862 11004 2896 26617 27778 5254 30668 19937 11678 7879 12340 740 25327 19602 28354 9189 6896 4664 
8654 18661 12893 8232 17630 1644 1254 2429 24408 18389 20835 0 3047 10885 20519 6669 20370 11470 17131 26092 30111 10274 21313 8586 31722 12857 18928 18055 5041 6942 12898 21542 803 2598 16846 15984 21804 24116 31398 26253 17280 11563 6210 6239 1765 32436 3790 18784 31174 7730 11121 5310 14581 8194 8384 12469 11967 30200 2915 22828 13367 12054 15110 27539 13500 16015 19330 12285 32715 26108 23116 2937 13580 7901 25630 6069 30360 8020 5860 23510 19848 22045 9194 8850 27844 31185 24132 10640 15881 1884 12669 9729 25916 19388 15492 23167 9710 21755 7380 14886 22320 26223 13795 21745 20889 19506 205 2391 918 10717 12353 14118 6129 8328 13484 28575 23204 26631 27812 24275 18400 14174 3480 27198 29016 6278 4278 16545 9683 868 12316 22309 1778 23558 16451 4013 31039 12319 29097 1148 6775 20422 18109 13576 10777 7532 18960 4126 4142 12571 20666 5943 28251 10998 21771 5913 26404 20717 13683 12722 1923 21440 25523 13617 32426 22327 20549 31846 4117 6559 7688 21596 27604 22153 27185 9013 22807 16574 13423 19525 24314 12167 13149 3443 22418 23323 8493 20940 6456 17513 19603 13672 8726 9223 31215 13954 29168 31866 24767 20435 
12639 30893 29925 23301 25787 28165 3798 9865 8304 8552 32103 3047 0 24253 7225 21831 19631 12689 6133 12484 16978 32146 12332 614 31846 24327 24249 30531 25054 6208 11921 22652 11229 10922 13882 11754 1618 9747 23952 17669 464 6714 19129 10261 21168 22171 4710 20893 6505 25722 1868 10244 12335 26414 17633 3461 14795 20143 20828 4185 28091 2146 29415 1827 23947 6692 5159 9629 12146 21397 21487 21889 2608 423 7232 24506 11814 20583 23685 12747 30648 18187 17164 19328 18144 2620 4552 8404 2068 20646 27206 31778 23129 13757 11501 11408 3752 22226 18298 3256 31873 26199 3771 11672 26574 8558 32651 12733 29690 21432 782 9387 24658 21852 4655 23184 2460 12119 21591 9258 27894 20995 5487 25333 10225 2538 12057 18841 12782 7885 16682 21651 19128 18672 21868 18211 23139 26792 19090 14454 15972 11303 8827 32020 16369 3975 4011 30860 12188 25365 24071 9054 25131 17375 4817 20778 2746 12929 24548 791 11796 13356 17969 21126 11086 10744 889 16376 5541 19052 10060 29244 23450 26955 27459 12766 30540 31137 10874 11468 9238 30222 5200 20042 21866 6994 30306 14105 27372 8473 14790 8675 24018 23816 28549 16361 25467 31753 2139 23024 
28016 8304 16196 30275 9735 10981 26749 28946 24937 18319 12106 10885 24253 0 31554 4390 12442 24321 27319 3878 8466 16583 10532 11913 30906 20733 3179 23098 21161 29019 11298 8711 8296 30546 25119 665 14366 28196 26949 179 28411 29252 1678 29615 19431 8689 26713 6966 7788 24333 10229 23616 1505 24131 6510 16716 13528 16218 21912 6624 31946 10963 10842 21827 28160 12490 23868 29818 6085 25868 27699 12161 13515 29812 14508 10699 20443 12171 18647 20988 11457 18016 2870 18661 374 12708 18535 27585 19343 1291 12077 23983 19942 9951 9925 11376 648 10469 21351 27746 3294 15989 31003 26556 30752 3028 10431 15628 19958 19157 25430 2286 20848 177 8082 30479 27177 16675 23972 22114 2999 15048 13636 3232 9559 2229 2556 1286 26070 1370 20921 30282 24514 6807 6549 7135 22993 19228 13534 15979 22418 28934 17003 10118 9811 28088 29728 23732 31315 18167 17600 15781 26665 27977 2034 25003 18035 10127 150 20604 17347 24545 26954 29226 15559 19882 6968 21089 7864 14597 16162 4832 25094 21335 13488 10554 26945 24877 7161 17357 20554 12632 11600 29187 30651 7495 19281 27592 22676 3748 31532 5196 27687 17971 12081 5114 13383 24551 3996 9657 
20356 14262 15295 2420 9175 22362 19774 12538 4482 30945 25419 20519 7225 31554 0 3604 30205 6963 20550 31088 5692 9541 22406 31023 14170 15277 27808 13825 22594 32561 24452 32494 3469 8817 2655 24937 1780 5011 9529 18326 28694 23087 31442 2268 2156 13693 31422 6318 3722 18110 25792 16278 23192 21481 2403 2691 17425 28311 23519 23636 11962 2864 20779 19877 23270 21591 18526 18138 21736 18067 30796 106 8153 24640 7773 21869 30604 29109 27312 5225 17870 22966 25970 14936 9954 14877 18809 17406 6461 28868 4132 362 13439 24758 10870 6090 946 22423 9073 7540 24262 6992 10161 31794 24396 27647 11850 1485 19571 1567 16100 26333 6720 28916 4372 25552 22546 9529 253 3128 10838 22540 5415 20570 11142 30234 4511 9460 20585 6920 21585 8527 11142 4385 30370 17285 11240 9542 28754 18196 13081 23315 14224 14755 7769 19790 6751 14868 7968 18069 19753 3531 32467 24136 27297 30781 10698 9652 24798 188 7554 12673 1973 4738 5663 2911 23639 8956 5926 22508 7724 19033 11128 15592 18670 31315 30866 21405 10250 16188 259 13193 32564 14156 12846 24910 1097 11306 6466 11740 9833 31417 23415 20956 24149 13605 19850 20832 1030 11054 
21906 5432 21826 25503 10949 9613 4027 8211 10005 15325 19022 6669 21831 4390 3604 0 2456 29193 19400 9140 8877 17254 26419 14969 6613 31954 18386 10258 16823 10795 31178 17426 24833 23234 30596 7124 4592 21586 7892 18325 4125 10564 619 26837 24714 3618 9088 19947 32749 2649 24506 30439 829 24628 8033 30637 22139 18453 4037 29519 1474 23286 30190 11434 15505 18463 25990 26693 26455 12841 26628 7014 9025 20276 24602 9334 26688 10341 13665 2200 6494 5282 5187 29316 26435 19090 20009 28329 12546 9679 9702 8323 20265 31598 5219 27962 29960 6578 20876 22396 5185 20236 11642 2204 28306 5206 1507 17132 16863 13905 25535 14680 14978 6748 3387 2116 6103 31351 6115 19367 12035 13432 18187 3688 14341 2188 17023 3833 4351 25329 29037 5426 25542 3314 1423 21872 22952 24868 668 7406 18814 24287 19952 17252 3058 14591 4731 7646 25106 15324 1256 28382 6677 9864 21518 4021 24173 21320 20892 20255 23310 19285 7936 16670 9469 8660 27289 31769 4125 12820 2334 32565 24373 7431 30542 15858 31302 8707 4057 3338 5899 11961 398 27783 32721 17014 20934 27427 25722 154 30481 7909 25036 3670 22559 28408 11007 6058 15089 10959 
28100 1806 11474 210 9816 15586 24806 1832 16871 7114 30636 20370 19631 12442 30205 2456 0 117 17316 15667 6391 17510 29605 10131 11204 11511 23482 18270 20490 3070 9123 1994 25713 32249 346 24500 24051 16674 2446 16979 3698 25270 27485 5150 23707 11906 29527 12283 26874 3248 29104 18602 23647 14800 24516 12913 23408 1321 24784 24841 23439 321 31215 9672 21743 21163 7508 31248 3570 2321 25799 25080 31685 11907 5986 13113 29758 30974 22156 19548 11510 19008 3638 2082 17315 27082 1109 31027 19384 9526 9120 14858 7487 17084 23947 23841 24822 29183 16260 18777 5545 10013 5998 3757 2767 3063 17243 32535 3176 29629 2189 6082 15382 31933 3503 1650 21371 19565 21584 22321 19411 4535 19873 5691 9937 14725 26223 29228 21694 397 9828 10855 29648 21854 15994 21962 25801 8618 8897 19857 28881 2518 2898 18567 31892 11200 30867 29300 1184 24017 5804 3011 24313 4931 7242 23923 32254 21172 147 3392 12416 27372 9322 7699 6944 20970 19173 10407 26345 23093 32011 6269 24879 10850 13523 30978 2216 8929 27481 7935 17352 7693 26211 14913 15458 13939 24852 7050 7292 32610 27631 15031 10355 23476 8207 18739 29264 24284 421 23708 
3175 1584 11994 2747 28072 14500 13848 13685 22373 15341 28667 11470 12689 24321 6963 29193 117 0 4118 27839 1268 13486 14355 20303 19587 7227 9407 14317 22702 23986 14923 20268 13672 1091 10043 5022 30905 26356 25330 14292 24292 20669 27265 29590 4827 25063 10162 9316 12000 9895 11856 22829 16765 7926 15289 9551 25254 13235 9382 22223 9517 21756 7481 27610 28774 15818 1865 25468 3612 6348 13034 17823 30900 645 15680 32327 13727 9385 31109 26636 18437 26292 4185 8664 1968 28620 16713 3043 26679 30169 29347 2028 31853 5603 31608 22713 16905 12716 21490 15570 406 3726 6105 8313 20125 12695 1888 750 29713 13538 29238 27361 22779 4665 14537 1592 10599 7913 20444 20738 20367 13540 29261 24507 2374 17694 27936 10435 9639 20257 12752 26905 14079 31219 6870 92 17656 18986 3706 24580 19207 12620 27610 27100 3864 29293 28217 22980 7289 6147 29322 5798 28420 30477 19260 1718 6800 31589 3656 17134 31386 14690 2425 17864 13871 178 18682 28990 9245 27766 23590 2048 23387 11423 17548 30197 31670 1160 15169 1013 31421 15060 14442 21189 239 30347 26890 14675 8995 17776 32521 25139 1080 18342 1925 17497 11006 15491 13149 21272 
29350 8454 26482 12345 4018 23049 15923 4058 2403 22138 29328 17131 6133 27319 20550 19400 17316 4118 0 23340 12127 14765 6380 17713 7823 3 7143 11799 10461 25790 32555 7577 29341 25666 1501 11885 6890 1132 27010 25684 5927 19521 21398 10338 2487 4055 22642 22410 28665 7299 28509 3950 17287 4421 9200 9573 27311 28529 31919 29645 5169 12191 21221 27027 23099 26325 6080 2049 18595 18419 17070 15047 8804 3424 25848 13900 603 5874 7836 18487 13122 18467 28783 17977 23277 29298 10100 1821 21701 22551 23927 4627 22402 4843 19182 28728 16941 27543 26129 19562 11350 27900 2871 19786 5522 16354 10868 21907 20535 6885 13937 5786 859 21149 20619 8486 24587 22028 28208 24690 26057 9037 29558 11136 21065 123 32509 22688 6251 1247 25350 32576 31356 15966 2005 21494 9129 32545 13124 19148 23749 8071 29096 27596 14396 16456 7145 1484 20823 22763 14044 11131 31410 7787 10212 9900 30715 3621 31434 19938 7917 10501 13529 26652 31629 10992 28990 2787 21411 19060 17055 7826 9595 19631 5626 29925 32221 31102 4799 7620 16715 15336 13361 26193 17530 31433 6138 11824 20499 30146 15886 32535 27563 12896 13762 4758 3072 17804 29740 12840 
1451 5694 24828 19410 10447 32072 12734 25127 32064 9708 307 26092 12484 3878 31088 9140 15667 27839 23340 0 5161 23066 27044 11705 9156 28130 24184 6789 11056 30220 1459 28678 9444 25503 27096 23240 20476 17454 16204 15676 3523 2782 26500 27348 19839 23707 28782 11365 29313 15255 7197 2494 24685 11780 15545 5252 6598 15378 28838 12368 7358 24875 2803 5132 27196 19565 13318 139 25391 3177 3718 26728 26642 539 27785 1313 26303 14122 24830 5492 17017 29537 14685 16633 16948 11630 11149 23809 28968 13018 17430 3758 7574 9032 24713 1619 25049 6898 16941 20494 25520 10337 1258 30116 13771 26988 1659 28060 1941 27508 2511 5024 3905 10974 8896 9744 23063 19921 13816 1256 28415 30257 6433 11732 28495 18140 8012 12689 8658 30756 7587 7815 5146 6029 13394 7333 15879 20169 26547 13948 21400 19952 21945 2975 12529 13572 5024 26682 3245 6309 32723 32242 23654 32273 5149 14844 6018 27231 1043 29824 17472 24829 13249 30000 31491 28007 21141 2341 19422 5161 9865 9722 12897 18200 21397 22059 930 14540 11091 27312 655 11106 20724 11733 1651 5744 15715 4957 24518 16457 28600 8664 26426 9843 21984 4417 25348 20837 14731 23259 
15831 7754 21116 18548 13647 12068 14949 16534 16280 12675 25567 30111 16978 8466 5692 8877 6391 1268 12127 5161 0 6086 25758 8517 6543 3791 667 13610 30726 15868 25492 32082 8652 24495 11312 15887 17474 11672 23662 18173 14133 30139 30243 12720 27006 9669 11956 17566 24288 14481 2068 1611 15134 12789 27904 19636 5724 5330 11386 21758 5817 32604 28804 12128 2858 22951 3103 2893 920 17010 15491 12262 8765 9784 14752 11423 8764 11380 12757 3632 20352 26420 3311 9152 27606 28898 4710 8269 15694 25678 20179 9310 16847 23296 21685 31724 17401 23996 13413 7310 19776 29527 18263 12260 12614 14777 10899 13894 11897 13618 1139 3502 24557 16898 29087 26850 31868 21540 13638 742 7964 29019 2206 6818 5248 4479 9631 720 27123 20745 26875 21032 14705 8668 10082 32719 28423 26199 4596 30717 877 8856 17926 29934 26593 12307 25626 10251 8006 8019 18969 32601 16510 13328 19667 4898 24069 10098 3257 2018 3791 7332 16857 28789 5219 29596 6939 31871 23096 26153 3259 32540 19024 6974 10758 6601 13075 7294 26201 6034 14958 23049 22871 17533 6701 10373 25194 19766 8597 25968 18300 29436 14405 11685 10999 8140 24143 21037 29947 9932 
13045 2771 1229 30480 4319 32282 8485 26561 29922 6673 13955 10274 32146 16583 9541 17254 17510 13486 14765 23066 6086 0 6014 23594 413 2525 26333 8032 20679 25872 25268 20128 15238 13432 4224 32548 14767 25530 22707 7490 4292 21108 831 24691 32297 25171 4707 21124 11659 24183 26550 17947 1933 14344 24434 22637 9397 21529 19971 23102 28822 26301 3023 15385 18750 5992 31559 22993 9955 27272 13615 16697 6090 11364 18219 20512 7288 22836 12427 17807 12316 16002 2391 8775 2364 20928 32669 29813 24223 30763 5883 27320 15483 15327 22120 19029 13791 10812 20552 9401 32355 22392 12463 26672 14351 17286 15861 10213 393 7206 30587 14106 4227 6221 16061 29608 25700 26807 13976 23482 23861 31179 17629 19141 17102 687 25111 31180 2114 7596 9113 7891 22408 26052 11211 18336 12651 21906 27830 19385 11700 25442 26830 29083 10134 5777 24063 9015 25179 4646 1787 19891 29261 20657 24258 18527 30183 3428 4723 24309 27453 5745 3410 23318 11688 1188 19226 10497 26550 5184 23685 29590 1362 6943 18970 21387 29231 22533 16694 28141 12410 5956 14173 7642 5057 26774 28610 1404 11294 25143 3861 8778 11689 11586 10636 16507 24605 22350 30517 27083 
28539 2423 9481 22388 11199 15216 14615 675 17516 12792 26128 21313 12332 10532 22406 26419 29605 14355 6380 27044 25758 6014 0 21521 8211 26336 19335 25724 6314 23518 4987 6739 6641 29919 16120 20319 31903 25829 7000 27909 18775 28684 10357 84 27168 12599 14403 5197 30500 21498 12207 15987 31401 20167 25784 2451 18510 26973 21965 10965 17287 7021 13926 11523 12634 3983 3302 32281 29019 22116 23983 2829 14822 5645 8071 21985 13213 16844 29995 12774 4130 9720 26673 4691 30741 21543 8484 5895 27728 15255 22746 17306 30305 31197 32537 3243 17481 12242 21098 10085 2932 26298 25916 18259 20217 20918 19518 13925 25875 30573 29174 29507 22495 4086 19366 16850 32088 8969 27488 23044 25232 12902 11112 8421 26161 31877 28362 6114 7732 9088 13117 28252 25824 17470 28727 24942 10502 18913 32593 22011 23931 2418 2525 22779 9174 29130 14277 29191 3691 23492 7078 29731 5512 18082 6190 14539 7151 3261 15027 28993 7828 23665 18198 31254 27544 327 28886 23798 31878 18788 32120 27833 20429 4914 19478 10151 23933 20302 32326 19467 838 690 15918 19195 942 5411 24037 1383 29843 30685 19468 32608 14561 28797 6573 30122 24980 5167 3411 389 
22999 239 29201 4314 11680 15583 11166 25183 27602 25158 12976 8586 614 11913 31023 14969 10131 20303 17713 11705 8517 23594 21521 0 26626 28224 7908 13156 23228 14665 19812 14037 9496 27226 18701 26543 15450 18076 21954 15986 15115 6380 11492 14758 15492 4306 3719 32500 26299 17601 28374 25989 3661 13201 19395 26016 8396 24891 30452 10623 16715 27348 24554 15218 17191 11724 10867 3383 28440 24167 7506 21656 15992 10620 13613 31046 30931 15725 26551 4086 24495 22119 25375 7866 21662 10716 21945 9890 9602 19774 2539 11923 27423 29694 25178 19303 9703 8388 597 24903 1282 9712 11906 6725 924 4433 12744 20029 18548 24356 21117 22509 29601 4176 9169 4947 18087 32737 16250 328 21179 5058 13217 19546 6483 9408 12556 10991 19185 14779 17805 23191 4144 29230 11947 12465 2320 15330 4239 31810 28287 12271 7473 13586 553 13044 30660 13321 14465 13463 24671 28873 18703 10816 29678 140 4348 8465 3160 21055 29660 809 3313 25568 9916 27675 10019 27925 4460 10409 25432 15118 12813 15813 31275 14748 11998 4810 18896 26003 580 6904 29633 9309 27928 6702 28330 15583 6965 24811 6294 28049 9793 7046 5467 23513 25275 4269 1347 22696 
9635 1071 24238 10494 18456 3673 14302 20901 24512 1995 10888 31722 31846 30906 14170 6613 11204 19587 7823 9156 6543 413 8211 26626 0 8729 16302 12195 22207 2485 30431 26418 21727 19720 13124 31081 19701 16900 25961 7866 4632 644 30293 10879 1515 16220 17410 6058 11070 10663 18715 22958 27112 24142 19449 32173 32740 32724 12512 26596 23466 27241 19318 14675 23504 11823 19333 10673 12258 15302 8434 24976 22143 28447 29437 8397 29877 25727 1723 15674 670 17361 12497 17807 2363 28209 11891 21646 28048 14773 412 24693 1281 10111 11407 4777 28397 16385 26767 29601 28553 400 13275 30481 18431 3371 21228 13400 18375 32141 8434 22315 4933 5234 19341 5251 23460 10790 21960 12228 1010 2900 32348 23600 28541 12557 25891 1675 30061 32534 3034 21263 13731 29815 3611 23443 19153 31298 11418 31224 5594 15520 1951 10964 7788 14882 9413 21602 17628 30022 7154 32169 16706 29768 1942 16875 11221 31531 5160 3153 2697 11272 19165 26581 8167 31126 29611 28528 30508 6138 10879 10885 27045 22480 954 24973 6474 6010 23538 14084 7322 13993 12007 4244 22454 14378 4547 7296 16065 32242 11414 32595 32120 19308 20242 30154 16397 31235 31875 30463 
19103 1146 18088 21198 4219 25225 30409 22459 25861 20795 8970 12857 24327 20733 15277 31954 11511 7227 3 28130 3791 2525 26336 28224 8729 0 28642 29933 11709 5079 254 30304 17540 26126 16490 4906 12140 15765 26609 31785 19750 7561 15602 2683 7602 29978 2799 18813 31380 5038 7251 13316 15156 5690 7555 219 20886 18909 5672 6781 11067 16318 25787 7700 25175 3624 26706 32178 2869 31459 17578 8655 10728 2773 27765 9731 7219 13018 24038 3333 955 9696 15738 2019 31851 31815 15113 11395 11047 12408 27918 14171 28853 11460 3635 13421 19688 26239 18719 11141 15887 16989 32388 11191 10398 15884 12644 21011 4891 6931 1444 10156 16972 1771 31956 29385 414 31836 23869 22377 9176 23066 28459 25341 2049 27295 31869 24417 11919 22859 15978 2331 10962 20667 9622 1240 31904 15975 10326 12325 7746 30591 832 10602 21151 15111 6134 11053 32679 19761 22068 5764 8450 10235 23320 18651 7929 32010 12977 6376 5540 1221 26571 5868 22614 22197 19961 27692 15687 18205 12772 30127 32128 1494 23507 30265 13580 31341 4219 31624 20316 6527 31752 21198 27643 12116 13164 10351 1908 23482 14312 12028 29824 15140 10457 26992 29044 30980 4037 29865 
21005 30561 8749 29727 24377 13130 3691 28863 16778 12033 12677 18928 24249 3179 27808 18386 23482 9407 7143 24184 667 26333 19335 7908 16302 28642 0 22572 21153 8948 27231 4663 24728 30844 17931 31818 30 21302 16719 13627 19793 30658 19131 30751 6490 21370 3968 28241 29159 4125 16647 26561 25575 15296 7123 25982 21893 4337 11161 8838 4968 11054 2206 1741 27945 13190 2640 12428 32020 20877 11048 32717 30500 27781 6592 20531 6969 2251 13104 19727 9884 19840 25262 2976 24757 32377 8805 22442 7947 30313 6549 24122 23677 27981 5101 8888 16319 5911 20006 27183 11544 26271 21472 2265 16218 199 27329 15853 17442 11245 18124 2477 5970 18327 1023 10667 31180 6234 8497 10076 16241 29706 30763 9440 28761 6697 28420 21520 14675 17545 24258 17352 18336 15428 27439 28535 27629 32478 18424 15589 8335 16313 9997 21572 20226 20922 19509 32378 28836 17721 496 30125 26286 17966 27537 21519 9588 1690 28828 3308 3806 16691 15710 7154 6182 8276 5323 22208 5843 5412 28573 3250 20726 27398 9386 24811 11428 9025 5765 2724 6837 25840 8792 26548 6331 3372 19457 3424 26181 11128 25452 17253 18773 30317 7985 5443 32288 1191 26734 26060 
7316 31484 18399 9042 6996 25134 22319 22763 14638 4341 25889 18055 30531 23098 13825 10258 18270 14317 11799 6789 13610 8032 25724 13156 12195 29933 22572 0 1418 19971 1198 9214 21376 1701 15517 29747 18166 17474 29193 29012 8961 3883 23855 22231 16533 11906 1907 1626 26652 7478 27268 3773 31032 16958 19403 15486 19669 18458 24601 12121 32115 12167 913 12576 433 31105 4563 18904 17693 1151 10859 19733 11068 30954 28026 23704 10453 24799 31907 7206 24450 18215 19512 4780 26489 31091 4261 29841 13207 18909 21532 21338 15279 27547 131 28292 22801 18181 27035 8607 350 24779 9075 11175 19339 12399 12556 19367 27444 521 22349 28305 3619 16188 8234 27224 18463 15220 23056 591 30970 24417 8084 12487 22742 20409 13148 29155 5816 27434 15437 3006 13648 15261 11767 4033 4615 14002 26942 4414 16970 27000 24906 19794 13078 27501 20658 16377 14019 13494 19172 25203 27925 13216 13783 3798 12673 15703 30708 17652 31677 13797 26177 19568 24204 2926 16081 28699 4296 24747 15209 20117 11440 676 2163 31777 4467 1458 11304 29128 4861 9652 10745 1458 25601 17809 28222 26817 26184 10734 20003 25967 19769 19249 10192 23530 16041 23222 28375 14190 
23932 3764 4785 21760 9138 13675 2751 8054 18092 30379 13494 5041 25054 21161 22594 16823 20490 22702 10461 11056 30726 20679 6314 23228 22207 11709 21153 1418 0 24789 10589 14967 19664 12799 22136 12113 9239 14980 19024 13515 8396 7906 4182 4723 4795 7205 6551 19042 3165 6382 3890 29671 7032 27845 28698 31348 21242 18849 22030 19657 8722 29621 32214 18528 13456 13181 28352 27929 22655 11785 23898 9510 9473 3977 9585 11577 24171 13337 30538 26861 21409 15054 5152 12146 12467 12033 13790 23676 697 13276 32286 12654 26860 24099 2146 21186 12037 10308 31633 28093 19675 11425 14005 21073 1848 4637 29940 3410 11772 22246 1228 20188 13173 25986 28307 10500 6397 8220 9775 29375 27862 19985 9234 23312 21826 6070 377 30838 25831 31851 29669 24724 13410 28389 17369 5154 32041 952 6870 19220 12710 24101 17557 27913 20114 18211 16261 16887 24975 6831 14468 10005 265 30552 19937 21513 12622 23558 13714 31826 29420 8203 8882 22776 30284 29037 1598 26227 12429 17778 1809 25305 19874 26477 19741 22604 15278 4552 31724 16290 19360 15698 30806 1878 8971 4810 21892 2735 31560 10924 1318 17712 27086 1852 9969 20032 11729 29904 4956 26906 
24826 28182 22666 12999 10863 30411 25710 7506 16234 15431 32754 6942 6208 29019 32561 10795 3070 23986 25790 30220 15868 25872 23518 14665 2485 5079 8948 19971 24789 0 15273 24721 13436 31715 5214 8024 8804 7677 24394 14867 26247 21843 7559 11332 16756 29559 5218 15057 30892 32303 17897 5116 7372 2455 1976 17056 23551 11130 9216 20653 27810 1005 12505 13543 23609 5934 2506 26587 20115 29884 6038 15394 31033 26551 21065 21978 26397 11385 10627 23906 20608 26486 16132 18773 4899 22865 8056 23498 5810 3136 25988 11978 10606 30371 29458 27665 8474 20191 11481 3081 19496 3200 25648 14340 32548 21134 23316 11194 19041 16175 3704 12804 9187 23679 13005 6358 4492 11949 3794 14466 8074 6999 8349 27179 12033 9767 14569 2440 26869 16046 30882 24027 24955 7041 23728 1586 14112 24210 17408 17628 15001 32465 7129 17966 27309 13059 7773 15991 20575 23010 20317 31554 1888 7030 9058 17355 32436 16307 31993 9412 15780 30292 27710 841 14564 3063 23725 4897 1029 18554 7461 3128 27421 29333 28221 15193 16566 13497 715 18992 27636 24360 7858 23168 778 17237 16364 20641 32224 9342 32216 26941 19709 31112 2757 30283 24763 31771 959 24396 
10063 13142 30427 10545 16496 16669 14412 16841 2081 15583 14021 12898 11921 11298 24452 31178 9123 14923 32555 1459 25492 25268 4987 19812 30431 254 27231 1198 10589 15273 0 2788 26003 4625 27578 3402 9824 31110 28509 22116 25835 2797 3960 15638 4027 30593 29392 20770 8060 16604 23275 27442 29828 6812 4010 17187 3974 81 11301 30868 405 2986 18631 14767 12124 22240 16043 29750 17308 30562 54 15569 27879 23746 17141 22679 17052 8160 30393 5339 27938 3670 17905 22841 28009 32292 6984 8161 8094 13725 26751 16419 21805 29585 10892 14139 8701 25531 26356 23391 14567 2926 7782 9478 29560 31355 28825 31355 24809 19558 28008 10658 30811 17866 20267 31753 19031 6665 6744 4403 19846 9528 24155 27425 8877 9802 5042 22817 27628 17788 21325 11484 4920 29441 25381 26010 7190 27119 21531 15832 23705 25449 11539 18190 14751 17934 24401 32697 16967 23970 20 4016 18103 26363 881 5797 17932 31790 29810 14585 20386 11514 26223 22213 13190 20341 7084 6438 7736 21750 7475 16841 31654 12099 16372 26807 15717 4604 21276 5218 24626 7239 29619 22512 19625 14012 16761 25544 28484 12692 28930 13402 9111 28429 30480 19251 20170 9761 18737 7746 
2128 25420 23329 6327 29288 26862 2492 11421 15565 18362 17066 21542 22652 8711 32494 17426 1994 20268 7577 28678 32082 20128 6739 14037 26418 30304 4663 9214 14967 24721 2788 0 12586 11498 22572 25294 7670 2812 6349 27494 5170 589 1229 25405 30656 19796 969 16320 17155 28281 14881 3233 24179 15121 13858 22775 26207 18842 31093 19863 19202 7992 27335 26802 30409 14447 31673 6832 26339 18723 3851 16460 25097 20429 27397 13808 14736 22528 17446 83 16557 2076 11279 18001 26120 22096 28850 6155 7044 214 14264 16191 30797 9579 25136 5354 16675 5133 1150 6172 17126 14585 32387 16923 11107 14820 9 21435 19549 8825 1394 6141 29918 15379 6305 22503 19648 27836 25128 31652 24183 14694 22195 5340 15138 18280 3253 20053 25809 31036 1618 31946 27416 631 31629 19724 26069 3850 28850 19287 14911 22968 9478 16375 22063 19927 9645 7452 19890 4171 4316 31226 1744 3008 21824 22309 24471 23591 31151 10283 31339 13683 14605 24179 7313 8597 32385 29013 19193 12726 3545 8059 4429 32436 25658 25976 7992 5344 7437 26023 10231 9974 26406 15685 12326 9308 22070 722 13764 3743 7284 27045 24200 10796 30855 18126 6248 26187 25527 29489 
24344 27814 20046 10384 392 20240 28187 1861 29012 2350 7039 803 11229 8296 3469 24833 25713 13672 29341 9444 8652 15238 6641 9496 21727 17540 24728 21376 19664 13436 26003 12586 0 22883 2611 14311 27656 2198 31600 25393 31607 10967 15425 19616 24730 26164 16895 26082 16115 24036 9403 2766 212 345 18365 10768 13814 12679 27963 29210 25438 10355 4443 3655 16498 20224 10347 16465 7511 27893 7264 25078 28302 24403 9612 6886 14798 16597 23204 22256 24612 12488 5106 18541 329 9230 32215 749 29764 27757 30340 31265 4417 25117 4857 28936 18608 23441 26430 9565 17314 24454 28129 17216 2400 15690 10929 27940 26189 30541 25785 25593 4094 11246 4991 7066 17047 26751 23422 18298 21353 4763 13794 11146 29897 21417 8067 15726 10036 12977 27428 25057 5025 18526 4845 21094 19237 14676 9510 30512 10190 25268 10294 16723 19129 25837 4572 20780 29557 30917 11692 29966 11421 15016 3788 19503 2480 22576 26865 6611 29236 19446 27797 5303 13836 5016 634 16063 26390 3082 612 4323 13321 24609 16658 1880 16525 13662 4478 23035 13980 760 5463 27907 3352 16173 30908 17895 16302 20170 30010 4237 29674 25336 14344 181 18332 12618 1921 7077 
3448 26114 29008 31895 20318 17572 31153 17122 31091 32193 7556 2598 10922 30546 8817 23234 32249 1091 25666 25503 24495 13432 29919 27226 19720 26126 30844 1701 12799 31715 4625 11498 22883 0 24891 23710 25858 24393 13028 14673 18702 16294 9403 3042 14079 19450 4649 18813 19523 23372 25448 8651 7896 4346 1046 13558 4475 7381 6139 15582 21522 13438 23062 1433 7259 16897 20974 20785 25302 943 19224 665 12273 6465 15108 11249 17778 14891 269 23547 12329 4413 11456 18142 3543 31105 13932 9754 4954 6224 21995 27595 7962 4278 25520 9506 25529 19465 28689 10272 30454 5060 31958 26774 20705 30890 1282 4186 1862 17176 16098 14028 20820 26794 17492 21384 8077 17170 3417 18541 21491 1076 26845 7887 26224 9095 24518 21496 390 16552 11835 20709 25400 14144 16183 26942 3640 24600 22094 32151 5971 15225 21439 7398 6938 202 16059 16708 10194 20325 500 1000 10142 31930 1641 25697 5866 15271 6256 32532 4891 6423 17157 20214 3445 2521 3410 22154 11853 1475 18048 19486 13425 27655 19389 9538 23764 11477 29837 7561 7806 29747 4438 5251 18099 21017 10278 24315 16738 7120 23495 26478 6608 653 10502 14796 32646 6985 26176 22130 
2913 3434 1412 5959 21949 22856 847 21237 30659 5958 29539 16846 13882 25119 2655 30596 346 10043 1501 27096 11312 4224 16120 18701 13124 16490 17931 15517 22136 5214 27578 22572 2611 24891 0 21409 2927 31839 14818 6302 28169 26277 32572 28426 26082 19242 9916 22744 17124 8906 9822 15735 1093 28252 15103 14304 3070 26202 31221 2781 19850 32469 25582 10140 21473 19352 29963 29301 15028 4251 28221 12792 30442 2730 21471 21562 2651 15447 23957 30304 32460 19230 21348 23149 17450 14551 5138 14153 19979 1377 16577 3858 3171 1164 18887 30631 7043 29767 22736 370 18264 7947 21559 10358 15841 5768 30626 31641 3313 21135 15836 26163 18215 16447 6135 18391 27690 3443 11682 18018 28714 15467 8904 1602 32404 19386 7787 13576 21525 32369 3775 4656 19410 4233 26250 25136 31717 25494 20411 30656 32028 28586 3914 16232 14829 1158 5712 31056 24765 9993 31846 3396 21842 5842 24387 9477 15766 18488 25488 30936 1423 24172 21263 31305 30363 29164 5101 18751 15856 12075 30053 8006 32339 6528 3478 7448 18712 32332 9381 9838 6747 25711 26903 14342 13437 1005 26984 25588 30433 4572 3825 24622 3048 27794 5625 21330 2603 29708 16153 19387 
