200 0 0 0 0 0 0 0 0 0 0 0 0 0 0 0 0 0 0 0 0 0 0 0 0 0 0 0 0 0 0 0 0 0 0 0 0 0 0 0 0 0 0 0 0 0 0 0 0 0 0 0 0 0 0 0 0 0 0 0 0 0 0 0 0 0 0 0 0 0 0 0 0 0 0 0 0 0 0 0 0 0 0 0 0 0 0 0 0 0 0 0 0 0 0 0 0 0 0 0 0 0 0 0 0 0 0 0 0 0 0 0 0 0 0 0 0 0 0 0 0 0 0 0 0 0 0 0 0 0 0 0 0 0 0 0 0 0 0 0 0 0 0 0 0 0 0 0 0 0 0 0 0 0 0 0 0 0 0 0 0 0 0 0 0 0 0 0 0 0 0 0 0 0 0 0 0 0 0 0 0 0 0 0 0 0 0 0 0 0 0 0 0 0 0 0 0 0 0 0 
0 14744 11697 1991 31967 25949 6925 7713 27937 23107 11749 7842 23076 31503 4888 3570 597 19939 17575 26892 27055 20346 15386 30875 23236 30116 15664 14740 7693 32005 1227 5909 21359 24074 26651 29052 6671 1324 12298 11979 29271 10857 15592 20540 1608 25599 15959 18720 17410 20587 2937 4862 30354 29602 26456 15081 18683 9103 15766 25633 24456 8142 9047 31725 29521 12455 10347 6839 7179 26957 17600 20074 13333 26968 28167 18953 704 14720 8613 13969 6366 8091 28381 8464 2958 1498 19772 16902 31047 20800 19269 6652 1315 17252 24925 8035 13421 17256 29945 31152 23150 10809 22535 1461 32372 28168 20634 8001 26660 18697 29914 27643 15873 14188 26411 9084 25149 26777 16028 4268 31167 32687 10131 18527 18805 16191 2231 20784 21980 31813 14365 14493 28878 29800 3255 20836 8587 25459 22522 5917 4875 29716 5070 29464 29826 26579 20667 24185 30772 4694 12370 7571 23676 980 30681 4226 11031 32471 1851 21771 6838 5430 16431 13752 16067 2130 10664 8751 29043 18576 23421 11476 9230 12311 32345 18848 378 21707 27621 19008 3854 3466 15156 21361 14229 1702 17776 18331 27809 419 28355 25261 18962 7218 16264 824 26599 14958 6578 23759 
14744 0 14464 13265 13926 2797 5346 20396 19952 5376 31090 9382 25682 17872 10431 14266 1521 28261 18171 484 28558 28925 29372 26133 15137 10647 5364 26460 27125 29886 1070 27475 2052 16530 22283 5320 25749 21533 509 684 7188 14548 7234 32577 28466 29292 26660 27519 9022 28895 31343 29383 26562 26814 7475 21196 32097 32185 18875 17343 6640 27501 21966 19642 17876 6254 12325 4206 11932 16277 18477 24080 10975 7050 31998 4737 27479 16533 12187 5566 5439 4258 21612 135 16874 30099 8186 13907 8100 19914 10986 32627 12238 14070 10556 28550 24116 8990 4292 9245 28082 25580 19177 10159 30216 6203 19870 1216 28410 10212 14238 21837 1196 14789 19436 23163 12604 20499 26762 26752 22433 30433 21625 13010 23492 12529 241 17551 29661 3770 6626 12588 12048 7099 427 18785 27975 3583 5145 24660 17490 25584 19619 27910 3646 23649 11237 5115 7411 29910 30811 25901 20241 23063 13919 23090 524 30453 29541 24749 7558 3420 16501 31987 13292 1433 30697 20734 29781 24557 10857 5015 27032 29779 20260 17343 17068 27789 4944 9311 8260 9334 25828 19504 9131 23683 5269 21997 15069 27291 11023 31928 26087 21785 19830 12490 29056 1055 19740 28766 
11697 14464 0 5412 1117 19092 15286 30360 24973 21959 19841 23020 1772 24960 15780 14184 14392 4177 10485 5184 9504 29233 21028 20692 21162 31445 8652 13863 27879 7501 11451 24221 19670 18659 11390 22010 16022 17201 5680 3223 21456 7041 15236 31206 20067 13162 8721 2601 28497 6312 31965 13167 13803 11323 29741 19920 23352 21188 10123 2793 5547 10780 5656 10394 28934 54 22805 15103 18057 1847 23724 10669 8543 724 772 15407 6986 27371 23941 20928 32142 16229 26728 8265 12827 2379 29827 5790 20735 17703 11090 15861 22027 12958 22857 13992 19141 17740 27226 11308 28814 13023 17602 23634 14100 23158 28185 3517 2810 316 9881 4515 18629 8257 26285 11463 24586 16281 27326 951 29399 6839 14650 26179 32096 2572 20198 5695 20971 28123 23910 25977 29949 5728 18441 18173 9669 25889 19162 12168 7881 9108 30692 24907 23248 19186 30405 32481 27152 14683 12919 403 9112 4139 24923 28363 16128 14236 4998 26838 8784 17309 13136 30430 28718 13810 9242 8231 8780 22925 27488 13962 15376 13099 4095 27695 24965 17203 7112 4239 24195 5323 27462 4266 27162 22076 14284 5764 12868 30344 1986 25574 31692 1098 28977 17491 25209 18893 23180 12873 
1991 13265 5412 0 5832 28494 32435 9822 32136 9769 18078 9300 20895 8522 11226 6784 19710 30694 31638 26802 28365 5643 21102 4671 28450 18825 19526 1421 31235 24349 8548 20957 19870 7135 27853 14168 6087 7918 6113 15709 11955 30555 10042 15113 243 31315 25793 32263 22708 9617 8978 31642 20022 6659 5651 14313 1418 31419 31952 20362 5008 15384 6297 20306 9776 12086 11614 18011 19416 21907 1866 15959 30262 18691 16799 1556 5175 17367 19154 31312 24384 5449 25063 14527 14252 3626 2319 26969 11399 12751 10623 2537 2697 14138 25747 26580 3669 9861 20004 13351 5618 7828 3111 24036 28042 3835 6023 7822 4963 29228 6724 25842 3867 21478 9932 2616 14377 12250 17562 32042 1936 29855 3597 20419 20709 14041 23435 21244 32388 24741 14295 11475 11535 26953 6575 5277 16935 24857 7849 8590 23150 23980 17231 22406 10941 4672 21626 24093 12451 8298 5612 3570 19999 27906 23090 16432 11422 1359 1976 3170 822 24687 18221 24696 7205 2313 22298 7962 13701 31543 16574 12333 6482 17069 27180 12195 2206 9519 16808 9863 22035 25906 32318 31305 19370 26832 12708 32327 14250 20722 10067 21405 15588 19642 19680 814 16941 13614 8096 32242 
31967 13926 1117 5832 0 14337 29184 25560 31310 3022 28442 1504 14384 21837 3897 32576 8967 4619 16314 8758 21199 27150 15547 14195 2478 14617 29058 22392 29447 26401 4398 31025 14527 11280 13213 29135 23242 6841 670 25067 29945 3867 17240 19416 24328 23515 18426 20297 21218 21244 5540 17956 1336 1505 19093 16037 23618 22661 4246 3767 12500 17401 10150 31888 17829 25630 21736 14475 24795 11428 16842 9290 13275 24900 6007 8973 32079 11578 25215 28492 4473 30214 2756 12700 13495 17763 27560 21697 29783 26248 22646 21263 27037 4766 6414 30982 4882 18561 10965 22829 12303 11196 20956 27951 19082 1727 17999 8245 23328 19555 2592 16003 13155 13472 13044 1622 6757 20621 13390 22013 18310 12697 30203 13110 10106 9 17087 10188 6047 7346 23357 12142 893 10743 14636 13010 4254 6149 20152 19466 17552 4174 20021 20518 20792 23620 17931 23051 29530 9047 7391 21139 3942 7218 14846 12774 30853 3377 26127 30233 3555 14374 12281 2821 6718 3406 25106 8041 8624 16782 21386 9027 2490 9203 8727 27499 18321 20072 8161 13938 173 3513 433 3770 18832 7369 6486 17879 28371 3856 10327 1317 29815 1624 5856 12202 14186 4025 6886 4398 
25949 2797 19092 28494 14337 0 31546 21940 21069 27056 7961 24734 21996 6991 32013 18837 24137 26146 3625 1230 8990 19840 10311 39 24225 11925 3265 1806 16482 9965 20081 1712 23905 14657 10983 32355 22895 7297 13034 10325 17863 24866 24114 9846 28909 22698 26211 16291 9158 27514 1357 30997 2040 18651 29283 6153 13188 7500 15225 22448 5538 15114 21698 24410 16606 24801 31754 17631 20080 2866 19248 10062 22241 31556 5607 11737 15323 24784 28333 30463 16208 20936 28428 17404 9167 31847 7952 27759 21027 16255 6153 26186 16429 5374 16003 28158 5379 31426 12163 6887 17994 17823 15619 27638 10961 2734 5552 6303 15984 2776 29667 12802 4895 19619 28638 24668 11098 20540 20808 18608 14772 2501 31723 26290 442 3553 21420 26357 22027 7293 13259 19797 28597 30177 21853 29607 6866 9720 16647 11424 29795 12763 10237 5890 13676 21412 16442 27918 18257 12402 1 23590 7537 13496 21653 12482 4097 714 12340 25237 13355 8106 2906 19712 28007 18960 13620 8120 13337 10168 3938 21428 19820 13553 4338 12377 28782 8803 11418 11496 5229 3359 30260 14888 25745 15597 9087 16464 5307 21714 17429 23864 5021 8672 19624 11968 22042 29763 20865 13697 
6925 5346 15286 32435 29184 31546 0 3888 24080 10765 9204 19759 22552 11926 17901 22728 17695 701 9595 21641 16098 27179 25215 24333 21677 15373 28506 5944 8903 24431 20211 32692 29210 3287 30982 23980 11302 4386 20655 28360 12072 3491 22839 4713 20103 29049 5406 16934 2944 10289 15210 30087 21010 14750 12079 19713 17964 22261 25951 8242 27925 4396 9427 19294 16156 13460 19610 22570 28033 1461 3201 23960 26787 23402 15331 13122 29292 21054 15028 21467 18681 5381 2248 2787 13710 30399 32617 18858 3001 22953 22809 16264 25797 8101 29604 4443 9058 8141 30825 19521 2963 23890 22250 28567 31448 31642 15762 10802 3229 11162 31942 9949 14050 3697 47 1043 11052 18758 19014 21246 1964 18019 7713 14768 9390 24467 17277 5281 2629 28089 4364 13161 23092 31153 10497 3262 14879 2668 5081 1457 2547 19527 9580 10277 29332 3499 22580 25744 6342 19691 2781 15094 93 21339 19470 26403 27560 6573 8311 27689 17179 29072 28443 6937 20796 12427 32734 28933 24272 22551 14418 26678 31559 30460 703 6315 32101 16365 2930 17362 2098 4455 16455 10122 8228 27335 15993 13401 7307 2731 6825 746 317 12939 12077 9419 3203 19351 23707 11364 
7713 20396 30360 9822 25560 21940 3888 0 17270 1946 25419 24654 4199 25231 26019 6349 5309 8444 7705 20482 111 20184 2226 12682 11210 23182 27393 7466 300 4074 18942 27731 19968 17226 27942 17910 5883 30979 10964 27786 19349 5393 31200 12891 29899 24323 1142 21 15123 26149 14393 6545 24480 4592 3992 3296 1239 27311 4208 30613 25105 26227 15331 3671 16020 17977 27512 4775 20428 20314 22388 8942 22222 27955 17016 4299 6415 1814 1627 10652 4193 5745 32330 7498 28207 18749 2591 28505 19962 15529 9982 7728 13075 7175 22838 27814 11675 12279 25431 31182 17080 10706 1679 4868 29721 14170 18507 27703 685 10912 30987 10873 18591 16950 30853 27845 18069 23958 29437 16144 16427 10706 5092 9107 938 4734 27056 7767 14605 730 30459 28418 21559 17220 11488 25825 1646 32477 19089 31031 19227 15738 24125 7109 27589 24014 25377 23961 5963 23509 14573 26139 26721 28548 28761 24149 30542 20400 10504 16003 21220 9532 31901 10716 31936 31366 13084 17568 17604 13076 15491 12386 8146 22394 11177 6807 21962 16783 11862 2399 8903 29905 16036 21139 10133 12054 2454 26895 17782 32117 18166 27714 16663 24947 32372 9716 18637 21106 30205 25175 
27937 19952 24973 32136 31310 21069 24080 17270 0 19698 22081 28395 30774 25645 17196 10064 28596 28157 25909 27150 3179 435 30006 24057 29411 14397 3180 28280 26228 27491 13020 10978 17995 25664 17920 31512 188 5380 950 25957 26827 14824 17771 24978 6646 32114 14211 30030 22085 31723 6412 5565 2708 16925 20387 2654 25887 9042 23462 19746 10832 650 30876 9163 13253 27388 30178 28290 17829 5071 5016 26556 9764 11034 28618 20815 9044 1049 20451 19152 29486 1202 21071 19759 6625 28200 21615 1942 16986 23839 6338 6526 13589 7376 31057 26132 22819 10637 12892 31947 27516 32376 4420 21314 22663 2687 5048 19544 25575 26780 17188 18574 2696 14155 22614 15261 19177 11084 29554 856 16300 14747 29720 31684 14428 29869 15828 3189 15486 30956 29894 11052 9435 1141 32403 4014 14093 5649 21388 5351 28488 12145 27677 832 25706 5806 22137 16446 29253 13057 16516 8028 5676 24767 512 20522 10685 22680 29435 9639 26606 1553 6777 13019 26714 26943 350 30905 31949 24518 13726 8500 7438 28945 18856 927 19693 31187 23568 28234 10381 21183 29565 29019 755 20099 15058 9962 17103 11019 27040 13409 27018 20980 25803 274 28817 1102 25467 24090 
23107 5376 21959 9769 3022 27056 10765 1946 19698 0 23134 13268 26375 4582 12674 2496 16075 17388 30447 20789 2305 21421 14658 22696 4027 2511 12024 32211 16804 24939 15155 32674 27362 27805 27058 20577 2859 5961 32266 13348 1318 13360 29226 14199 8964 51 15 19014 11359 2023 4804 2831 2387 7002 15005 3655 11995 15396 180 11786 20590 12721 13732 11783 4826 12238 6021 16299 15456 15218 27432 12941 7697 14798 25748 23833 12904 21912 31425 2432 11561 9876 660 29408 30842 18276 11547 7855 23359 17810 17674 7790 17595 6107 18294 1420 31076 1725 13264 8088 7431 13124 12069 12970 22045 10257 22164 23060 1644 8364 23824 17733 21730 29452 20568 26366 1198 18276 8500 24761 21920 2608 19186 13910 27075 17536 13856 5639 27705 18051 12939 16510 30038 20567 9336 23893 26625 9489 16674 18366 17479 13320 30324 8045 11072 17510 23048 10690 4135 20209 15200 20283 21173 29207 13667 16665 16063 11320 23323 4945 11536 18488 23470 22198 16776 10309 14746 32613 629 23269 28981 9073 17713 9795 10853 24016 11261 30139 20891 24965 12574 21924 13334 2319 31542 26974 31575 28177 30437 1948 9183 21827 29089 26867 19248 31385 12754 5283 28931 2482 
11749 31090 19841 18078 28442 7961 9204 25419 22081 23134 0 30920 24200 3948 23264 2937 14652 11960 24258 11214 14926 13965 7045 26011 7291 21160 10008 32737 10669 14443 9865 14090 104 10554 18958 30311 373 23055 3920 11495 12754 31839 13818 6426 7385 25650 4739 10342 688 1918 11065 17800 24305 21188 19342 12878 5018 3822 31143 18579 17464 21607 31266 15996 11599 18300 20007 18929 1037 6643 22450 16223 10800 3562 4128 1964 16948 30194 31992 2426 28609 28268 20220 24993 20564 19491 22383 1767 30765 31786 16297 13570 32633 20729 11993 15057 27584 30915 18969 2006 401 6426 15032 5367 19053 19399 9924 1141 23281 30947 18391 5421 9543 19002 3107 17679 25551 13281 28096 16093 26634 19989 27701 28453 22984 31831 21573 23680 12946 7622 16892 7948 345 17085 2298 4904 16992 9134 28415 9071 22376 21821 25783 17911 27675 30112 10439 2251 21178 20278 280 18855 9482 11367 30308 29939 13693 22715 15871 26626 7325 2878 15847 21132 28350 13843 22287 13161 26083 30551 25064 19600 3057 10041 2352 10832 12563 16215 28416 6605 14958 5979 18448 10942 5382 13014 22861 6245 22768 7261 926 13775 26809 2530 18931 14670 6422 18005 32143 820 
7842 9382 23020 9300 1504 24734 19759 24654 28395 13268 30920 0 18450 26487 9754 21093 15291 32311 6574 7177 22310 31284 18429 4337 24402 1827 738 31627 29873 20684 12262 31495 29415 27643 1048 18151 22470 4009 27945 8392 19847 27243 25548 24688 13386 8219 9038 17945 18128 15302 625 32508 13943 8662 27022 2081 23158 20096 8682 23398 20058 27760 31320 4813 7106 4019 32017 28171 19287 8421 13008 26190 30991 17564 12082 15438 18339 19220 25164 11416 20301 29724 27534 13846 25543 4929 27096 7906 19841 24634 1242 9037 21025 32659 11185 31531 10305 3997 17600 8545 12900 17814 19148 2481 7482 26389 4955 12485 15638 11192 14926 12922 18092 21265 28349 21103 16143 31438 7443 8909 16106 296 12907 13657 25854 32655 29994 696 5085 10643 11997 29698 22245 7189 9045 14986 2688 26799 4353 25068 9114 26977 13963 18520 12899 10366 6583 26910 31815 26838 2936 9594 18731 6692 9556 30625 16361 17850 15354 15373 28174 16236 801 32005 22226 9915 24227 27760 9561 1091 7387 30684 24105 3942 5692 8905 11243 26681 28210 4923 9063 20911 28990 31872 6842 14341 19533 21566 28633 3950 6489 32193 23115 22272 32067 22403 9251 19422 21231 22268 
23076 25682 1772 20895 14384 21996 22552 4199 30774 26375 24200 18450 0 32627 16668 968 9215 7939 30059 31416 15509 18011 28033 31954 25270 9616 14518 3201 31354 5496 26724 3809 2918 3295 19535 12576 31607 9481 10062 17171 24686 18792 10302 17180 21339 28319 13097 5947 29292 27831 18099 12147 31991 22688 2502 3424 13765 30956 19838 27926 30626 12743 3926 2877 10275 1082 18324 17514 29878 31905 4082 2496 1520 11369 28303 26311 5395 2831 20757 5260 4062 23126 1068 22011 13977 27080 13087 6521 24673 21872 15308 7110 20912 7126 25298 2065 20785 10043 13302 20829 26306 9750 6870 16660 28874 20175 32722 30441 31678 27323 30007 22003 2030 17496 16557 6919 10644 21705 19684 6230 12064 19605 20346 21063 14781 21404 12080 31127 29736 7259 30285 32432 21427 9825 23890 14919 3988 19473 14816 26425 14963 30618 24039 27046 10803 6964 13072 8015 6656 18589 7789 13613 12954 979 30815 15956 25825 11539 9416 2055 17057 7698 6002 26395 16800 22138 20670 31377 5349 21417 7826 8047 2123 28581 11645 4575 2630 25443 13868 30604 20468 18490 21266 20280 16232 13474 19027 418 3123 20529 22514 3991 12852 31447 17467 6487 15009 25433 21107 15147 
31503 17872 24960 8522 21837 6991 11926 25231 25645 4582 3948 26487 32627 0 16884 24024 3165 4601 20899 568 11733 18624 20002 559 8003 7130 14993 29039 9232 11323 23831 6286 5727 13802 14746 13561 26088 29327 9150 22808 21530 31296 1057 14526 10609 3720 11476 28116 24597 31672 22813 326 32692 31858 13420 17454 9889 19315 1180 17727 31790 20385 21355 28276 2119 3670 13116 5881 11344 20460 31499 5466 14656 8841 5553 7660 24318 10027 16475 31097 28924 21751 21573 24623 15378 7871 30651 1226 27037 9938 21073 7168 11224 27912 8289 27693 12154 8974 16839 12609 3730 4847 8153 24807 16543 17379 1705 6902 17395 18780 19839 21021 31818 26702 27281 30922 678 32446 19973 15964 25198 22926 8233 10378 32711 25736 16113 5395 9009 24745 5810 28583 26214 3248 12830 10261 32368 27623 7552 13494 7945 5937 31032 11546 29496 17492 22394 18673 26408 28552 16707 20285 16204 21312 32412 16822 14513 6712 32275 20605 11940 30656 30583 25092 388 4680 9683 15165 15081 27693 13485 5123 10999 14018 15488 9158 31484 15266 27256 29307 29009 18484 12141 31171 25199 18304 4642 25178 2896 30257 191 27074 20745 23787 15756 15409 8613 31951 17136 20152 
4888 10431 15780 11226 3897 32013 17901 26019 17196 12674 23264 9754 16668 16884 0 17140 24175 28536 28641 11261 13600 18552 744 7941 22049 29880 3626 20517 26667 20238 4263 15812 19143 531 25881 8403 2486 4221 31749 31815 6304 25279 31746 26584 8961 5603 13384 29176 31824 1959 3453 13590 31857 23511 25788 31764 21598 30442 31974 4614 10002 10720 29230 6445 29366 2907 23519 1332 5646 14845 2160 5290 32294 1025 32715 26048 18489 12317 14297 580 25571 25495 10066 32477 392 24998 8900 2441 22787 8204 12258 852 5267 27889 15119 346 27650 8705 23338 20736 15384 8393 3996 23407 9792 5200 9375 1105 1145 13298 10705 24528 15744 897 9977 23499 17723 19614 31513 14427 21864 19796 4533 27527 10887 22519 23139 19523 20741 24637 11923 8367 20139 12698 4512 27533 13382 19169 30487 5379 25496 6936 31559 19091 5502 7068 14858 12889 27747 886 12242 19844 7909 4092 20728 9750 1734 7852 17217 9184 8214 5189 26033 9400 17567 19752 4756 13309 12176 4846 18378 32078 5486 21321 8531 22151 23607 5152 21020 31996 16345 24806 1800 25082 28370 11580 24642 8826 27433 26823 27842 1576 15245 16467 21533 8596 14540 18473 6802 30647 
3570 14266 14184 6784 32576 18837 22728 6349 10064 2496 2937 21093 968 24024 17140 0 15012 20619 14569 11532 3851 16970 16904 27119 27107 26011 32334 19638 17456 12527 15471 4508 30090 18543 30951 31296 2523 21731 24540 3890 15963 19171 7222 12220 16841 28225 12285 23539 5100 7606 20979 25854 8265 13004 3186 28582 28710 524 6536 29982 4031 18281 14416 11796 712 2796 30612 5113 25635 18849 12705 25741 3299 28354 13673 21422 24193 26914 22752 22371 3165 26844 28816 14883 120 4413 26751 24427 14192 10991 31299 26240 12221 8808 15458 6017 18475 24210 1775 18097 10647 15291 26979 6659 6126 14015 11706 23782 18019 5236 9423 20051 2800 4439 14329 5396 3344 25973 31718 18007 19387 10396 16567 10868 5794 25283 23388 11258 22188 21687 9267 7424 16817 17672 26332 16043 21877 23858 16224 14075 13800 25360 8322 24795 19101 23165 32613 8809 14216 23373 24671 13698 3325 10092 16668 3729 19173 19796 7159 19864 4931 25269 149 25984 10215 9055 32196 26014 3952 116 22675 4486 32136 27596 19634 13076 23132 27560 21004 21177 1370 17051 9122 16899 12079 14261 939 9327 26368 19186 30954 25203 14055 25058 335 12998 27569 14490 30161 9715 
597 1521 14392 19710 8967 24137 17695 5309 28596 16075 14652 15291 9215 3165 24175 15012 0 10891 32057 12597 28434 216 2048 27744 19386 21614 18885 2391 13904 27946 13153 27928 1404 12999 26954 19832 18415 22551 11778 7290 15732 13699 25792 2282 1594 28358 30814 20542 29793 16358 12930 23982 11203 3443 20240 29329 31749 5124 22480 21499 8414 21231 5211 14741 21671 3656 6732 31164 24867 1052 18852 11998 6801 12527 16766 21009 28911 16244 6389 1781 913 32652 26706 5323 25314 129 28282 18647 27769 10884 24215 15859 28000 29540 8709 17780 30369 2705 6784 27970 4114 6225 12428 24370 13666 27713 14884 5543 18788 14095 1447 8554 27547 11126 5376 31942 23558 8826 21781 10216 22830 7909 23922 2678 9325 19459 1078 22125 6273 21402 21053 26688 32338 10028 9104 24623 3072 6256 10 28901 14896 23822 30796 8022 23447 22939 4836 28631 8904 20438 5560 15486 571 19489 14265 12476 4766 28226 1733 9785 27488 26970 3549 24304 6523 22310 1929 22668 8322 14966 10376 13570 12780 19691 20156 29807 1695 29685 8277 31796 1727 30988 26429 10064 11193 24878 13508 23550 18571 32666 6540 25231 9302 8139 32183 31114 4902 25271 25935 25345 
19939 28261 4177 30694 4619 26146 701 8444 28157 17388 11960 32311 7939 4601 28536 20619 10891 0 29188 18279 3606 15438 6405 9520 15440 26546 15788 1836 4054 4113 13984 12618 11366 16811 2220 20994 3736 7288 22397 12347 20669 13484 3486 6526 19703 4491 22450 23641 22681 13936 20208 23318 5313 25112 28388 669 4147 28724 12900 12710 13945 2350 29649 23587 18490 3131 27792 30445 22743 24482 28616 30639 3404 4940 15454 29968 6213 397 558 13092 12159 23089 30347 10260 30306 17354 5113 17676 6621 32568 24873 3942 6529 14714 23350 22037 31201 30644 24351 3925 23593 18817 11908 10897 14077 11643 27557 25236 11413 21512 10393 23539 14870 11367 26059 7099 15411 26619 7098 8791 1285 24535 11249 14020 32551 2186 21829 11769 6677 24621 1871 14992 31687 683 12585 4282 13193 20560 26477 27234 27166 21140 32106 14240 19222 19241 28073 1889 9067 6467 11680 29781 29027 24872 18614 8729 24994 8696 24183 5797 30094 9663 24601 31736 20200 30648 10543 5634 23720 19683 20396 30931 25881 2762 18203 19202 10549 22672 13085 8288 7491 26172 1315 14558 29359 22084 16750 12219 28458 30044 1860 26354 19715 11393 14452 15076 8388 22849 23565 19010 
17575 18171 10485 31638 16314 3625 9595 7705 25909 30447 24258 6574 30059 20899 28641 14569 32057 29188 0 12987 6764 29433 13920 15685 8174 25115 8518 21110 27712 26887 12244 3504 23835 22695 15637 13248 17059 26571 23667 22811 217 16768 20929 18270 6467 14510 3971 15876 26842 23797 10113 27242 9781 27849 22924 13056 27636 24780 11408 12753 23407 3180 15834 31287 9120 4029 12971 1495 30797 5785 30717 25827 17787 8438 15509 3473 11023 20615 20811 26326 3270 30615 23445 27240 16984 25890 1626 31219 13287 10805 7413 17306 28334 21640 15496 20914 32232 23129 1924 8634 5118 13195 1909 24222 20469 23552 10514 6701 11031 15156 32389 8665 23265 11547 13304 19118 13100 10300 25185 20628 21663 15630 11408 9417 13141 27283 21110 18330 16843 1075 9911 2401 19469 9435 4722 20164 20257 27479 4944 13356 22707 31724 24524 11396 15106 825 7618 30516 8459 13904 22330 2397 20213 3088 6518 18006 6844 11206 27195 9062 26913 19716 32604 4804 15058 1217 25741 20941 5590 15282 31590 30340 22331 18919 438 22608 14595 29610 2570 12273 6220 17301 4733 2756 18367 32242 9666 27960 31291 10584 12911 16528 4547 26755 1165 26586 24229 8563 3421 6192 
26892 484 5184 26802 8758 1230 21641 20482 27150 20789 11214 7177 31416 568 11261 11532 12597 18279 12987 0 1332 26752 16767 25771 11744 7152 12791 17000 29180 32727 18901 14008 7569 101 31648 17062 11869 29981 20939 11581 8080 26057 13971 17179 31944 24478 10516 1082 22603 9900 7086 11259 132 20361 30615 16243 4288 3389 449 3578 14633 16240 7407 20465 23043 3283 9491 20435 20007 5581 24554 18816 189 2919 16091 27590 10814 13945 28172 10288 20649 15126 27846 15635 26373 9269 11019 9687 10264 929 26742 23939 2150 12835 20563 8075 23404 31727 3838 4830 2078 17740 23681 2858 26783 29575 14441 19571 12607 9754 21225 31957 31419 3097 24371 12437 19376 25053 19219 15470 15713 25332 6092 14874 6058 15433 20535 27423 68 19087 22554 26076 6459 12532 4295 14549 10925 5123 3830 28731 13253 1242 24036 10686 32503 26765 2988 8855 5501 26586 31461 27601 11794 13071 13693 12504 29423 9784 15574 15429 15107 6541 4895 9960 4726 27163 31220 23830 11872 1714 8761 26165 10182 3343 18740 6790 6614 17226 32489 13106 32612 31107 4539 24727 27557 8136 23361 21205 31275 7241 27237 24724 4640 11712 18115 14360 22727 26139 18753 18055 
27055 28558 9504 28365 21199 8990 16098 111 3179 2305 14926 22310 15509 11733 13600 3851 28434 3606 6764 1332 0 32068 14656 14844 3799 25140 8465 23697 19979 25151 32681 5474 23458 23561 12894 13061 13264 5425 3014 4869 12149 7057 27679 4920 15145 30136 4606 14436 25739 16036 28476 17938 10694 2244 3613 17329 14180 9262 21186 10991 88 9245 9426 15189 23623 16303 19812 12066 6167 27101 5424 19817 9402 15546 28406 5486 20539 5104 14894 32573 13578 29303 27122 3468 19333 3993 7209 11476 18888 10019 27893 7082 15798 26861 4703 22627 3399 9101 3137 20457 18708 1624 29811 18903 32033 5786 15162 19932 27626 13334 23534 32334 24497 18624 21995 9229 32262 32697 30138 26523 18840 8075 14977 29562 15932 25511 25512 31685 13115 28957 29388 26386 28640 17051 11753 5255 7745 10152 28099 31546 2125 13089 17558 7887 19223 13556 18687 5453 27747 6941 4394 6720 32366 21982 10813 27413 15874 6979 6149 26802 22202 9685 10463 14933 14738 19101 10729 28079 12723 605 18282 20545 9085 16907 9598 32247 8662 16014 32006 24834 17841 30652 18640 7931 29666 9876 20227 12085 32033 27320 4814 5731 17501 21294 31313 875 22339 7768 13515 18825 
20346 28925 29233 5643 27150 19840 27179 20184 435 21421 13965 31284 18011 18624 18552 16970 216 15438 29433 26752 32068 0 32405 18475 27643 10064 13615 29135 30598 25259 21654 28370 32131 17849 26101 7779 26884 23304 23487 4054 4121 18813 30822 7825 16039 13020 3162 28217 16008 20629 10053 4893 6373 15056 6278 29411 3280 1468 23276 10610 30501 8468 18357 32288 10146 9715 11462 13597 24389 32474 8747 18719 29671 5630 15058 22863 21782 30167 27780 22387 28216 2023 19237 16989 8669 24007 29485 30868 23140 12408 16230 28481 27602 488 9703 22876 17135 3267 22609 2840 7587 28284 842 9612 18576 14235 18743 22180 7664 20041 21566 14663 16816 20250 7035 8650 22222 22554 14209 25236 10736 27163 25108 21779 3398 19518 32038 13023 24993 7616 15632 2860 2261 518 21010 24694 15692 4843 11533 14952 2795 1353 15231 14349 25898 11207 14016 28219 5743 17378 25211 7741 1195 14654 22128 4287 1847 19247 12136 8447 18929 16514 17273 17458 31123 5521 13692 6451 13651 20615 972 19571 449 26608 28224 23582 14557 26501 20331 2186 13176 16183 17683 31973 10189 26745 17392 31775 31071 19922 29351 7701 30230 8355 26629 26880 15509 2357 10368 21277 
15386 29372 21028 21102 15547 10311 25215 2226 30006 14658 7045 18429 28033 20002 744 16904 2048 6405 13920 16767 14656 32405 0 24871 13095 30392 17860 25047 29133 21995 11461 14889 13396 29505 30440 11205 23153 23739 20041 20699 32745 27741 511 30826 19449 23691 15401 25010 18694 8612 24124 29430 4231 17629 28556 18295 22320 15456 18969 12462 9568 31909 29084 1737 18380 16144 16593 25704 17517 14796 22791 10649 24487 17639 32742 25105 32188 10415 22399 27309 27760 4428 7322 29225 24830 25503 22332 12575 13882 28506 10615 30019 14088 14944 10359 23518 253 24927 27594 22408 19284 18860 16111 23850 7700 8287 8482 21555 17791 25263 32614 9754 3518 27536 21715 2325 4811 17035 7458 25112 12447 10205 17783 23056 24477 6611 1903 609 2366 20325 23146 9373 8446 25618 26393 6535 3463 12539 10571 17224 11804 3907 11253 1777 2120 32678 2944 24881 27080 29529 10839 29272 2742 12833 17329 7563 31735 6583 18587 5961 28135 12891 13129 32543 6979 21686 15519 24744 25688 23797 8186 14280 26218 10020 22852 21545 7014 20681 2360 14326 19916 31681 27635 19927 27863 3679 3516 4654 3310 11458 10772 2960 8272 26487 24832 11910 13308 23377 11926 2181 
30875 26133 20692 4671 14195 39 24333 12682 24057 22696 26011 4337 31954 559 7941 27119 27744 9520 15685 25771 14844 18475 24871 0 26057 14589 6564 12713 20418 7249 12486 26971 26745 18834 26457 18016 28157 19883 31421 24976 29490 28288 31323 27237 8590 24023 21892 25739 25109 7299 30348 29609 2451 22995 10023 8559 25625 23355 14851 18912 15291 14401 13735 6624 13960 30379 31884 19457 10186 21222 11898 3979 12415 16569 16165 17867 19224 28716 32263 413 7793 25267 2944 30012 13329 23710 30509 14921 28067 16070 902 8218 21940 5232 19131 27717 10159 24966 16592 14700 11030 31991 20215 24651 15875 875 1070 5888 10975 11819 5914 12954 9569 6736 13602 14053 2761 19499 23247 8308 16734 31476 12644 5359 21286 28855 11705 26016 8166 2683 27742 4153 16985 9396 1773 10727 1204 32748 24239 24732 90 27054 6258 32409 17628 13747 17833 7227 8757 21328 30406 27655 29252 2846 13013 19705 32137 12524 4186 3849 22308 21986 27500 5630 19467 18167 29971 18040 16779 25494 6110 26936 7939 6283 28105 28851 7900 2868 17230 19670 8907 16614 25545 14619 26443 20125 11026 12494 12885 23784 6229 30105 22882 3092 24117 21590 15012 1175 11297 5141 
23236 15137 21162 28450 2478 24225 21677 11210 29411 4027 7291 24402 25270 8003 22049 27107 19386 15440 8174 11744 3799 27643 13095 26057 0 31396 2009 5349 31925 12190 2759 8082 30833 3542 30933 23229 27412 2485 9943 1425 10590 5567 12416 31822 6496 14806 16077 12195 10111 6574 9905 29001 12742 1675 11265 20960 21873 30787 29858 3086 19127 2416 30706 14550 15064 21237 30324 18742 15463 17076 17856 261 25049 18829 31914 28428 1614 31898 19377 7778 17567 1450 3498 32013 17576 32508 23726 13271 19160 5693 14146 27501 13815 4804 453 15039 22327 6925 28703 14995 20605 21875 9127 31340 25841 16434 2389 21146 26565 23709 17450 20386 13635 2460 12252 13009 25114 10601 18374 17435 3305 28299 32271 28986 32268 27667 20250 30212 422 17687 7470 2572 10224 5996 8294 20348 22465 32168 30427 32562 24414 17495 8464 3610 28547 11900 30366 18380 11443 25931 24353 6758 17084 28454 23395 4011 9870 18901 10951 12125 29246 1035 6393 18136 1877 29205 16340 20976 25439 23013 18835 268 21168 12863 32571 6275 28025 20802 12104 9526 2827 9754 14488 17007 5995 23043 17813 27898 30487 29826 934 8067 25879 24288 25304 13359 30535 25320 10696 18301 
30116 10647 31445 18825 14617 11925 15373 23182 14397 2511 21160 1827 9616 7130 29880 26011 21614 26546 25115 7152 25140 10064 30392 14589 31396 0 20401 7115 22995 11620 26539 2877 24766 32659 30183 11211 16145 5691 5401 25313 3635 3386 21591 7089 13481 13666 5083 20769 14064 28934 22778 6130 9623 28356 13668 30003 25757 11922 7582 3301 18442 32011 19133 29935 16849 20731 868 14405 7397 14121 26625 22100 409 14437 7748 19121 16189 26066 30688 26882 5879 30581 28806 6445 991 10494 7967 16319 15455 16598 30281 24223 26825 28010 28692 14837 19258 25782 253 3413 21678 29205 28204 7472 25445 24136 25323 12412 9845 24005 24935 16034 25264 28994 27306 23977 5305 25730 31192 15521 11361 22367 11945 13906 23880 32024 17192 18469 16561 32220 10410 31059 17573 9879 26642 32333 9292 21244 8515 9324 25992 15828 17894 20953 6099 9094 27486 9663 20571 25319 20488 1199 8028 2116 28599 7508 31421 28333 17264 12633 23022 25476 2147 11927 32513 30790 10794 25731 10504 28313 11333 25047 11182 27286 11990 18047 10265 22360 27289 5575 25343 10694 16423 21699 29703 28062 13932 255 19042 18626 1125 11112 17066 24775 543 17273 18939 20155 7405 24234 
15664 5364 8652 19526 29058 3265 28506 27393 3180 12024 10008 738 14518 14993 3626 32334 18885 15788 8518 12791 8465 13615 17860 6564 2009 20401 0 15166 11592 2940 31094 20540 18149 29231 7245 7718 18947 10030 7633 19434 25430 15505 27180 22559 21825 18064 3876 11079 30015 30183 12327 10572 20882 5994 16533 24117 19247 13540 28754 8744 12265 21301 30348 20646 8413 2475 9929 28418 20766 28320 31796 24098 26785 5462 1833 29562 5995 6415 26879 5446 9466 29041 18966 13831 2034 3097 30241 19265 21000 26493 2741 7027 31795 11015 25618 32599 24338 30831 13361 29275 25496 29274 28687 3680 14335 13361 32569 20146 5356 14147 22936 13895 24287 24862 32638 13628 12253 14123 30705 27022 5473 29576 16695 5909 3712 30507 24483 29383 5724 21812 30366 7466 18123 29587 6137 26650 24392 31963 13683 17341 15387 8037 24710 28356 2500 21928 17526 17891 16557 13272 1692 20115 13585 30398 30959 22791 18215 20440 19156 21869 32659 10929 9256 14439 9230 26499 22155 2761 4180 18187 4335 148 24399 939 16737 13107 12419 21447 4375 23284 5561 20825 9915 9162 29935 726 6902 31041 27263 326 19264 26051 30607 30623 30438 24842 2233 30562 21085 10725 
14740 26460 13863 1421 22392 1806 5944 7466 28280 32211 32737 31627 3201 29039 20517 19638 2391 1836 21110 17000 23697 29135 25047 12713 5349 7115 15166 0 28269 12202 20256 4207 16441 30870 31162 9904 6754 10098 18338 14102 19451 5354 26638 17731 27664 12351 26205 19489 4445 8244 32247 31082 4426 13371 7012 6002 25130 29152 18096 4407 31925 19062 29438 15532 22723 17665 28523 22338 24907 10339 29990 24759 31644 29131 3789 16420 32218 9050 21770 24385 12476 14103 15470 10235 14468 16918 28814 4153 319 5092 30812 8171 2623 24118 8136 7508 11478 12499 25239 19353 14932 21950 21635 26507 3395 22952 17044 20145 27106 19605 2494 31896 18912 1742 24252 19039 28506 32263 812 7294 23319 30417 9196 27351 514 7747 23732 20224 24041 22500 7413 1232 13685 19419 27121 2343 14185 347 14875 17154 17695 4425 26033 25279 2112 15663 26776 25518 12228 30310 29048 23513 28714 8575 31257 1556 8952 8691 25852 12872 8565 31244 23613 2044 13989 2835 28073 18214 17542 16826 8219 29489 30859 15052 32284 5198 11094 11284 20923 31487 18361 7563 3497 12769 21743 16070 8089 2490 23 25759 10200 27587 16626 31523 21032 24120 30174 30652 19425 26398 
7693 27125 27879 31235 29447 16482 8903 300 26228 16804 10669 29873 31354 9232 26667 17456 13904 4054 27712 29180 19979 30598 29133 20418 31925 22995 11592 28269 0 31156 24492 27830 30229 27040 13131 32171 980 18747 754 18222 16653 8629 9715 3 3600 24954 7200 23069 8473 10606 564 2 14685 10606 32383 1889 26710 10243 29141 5361 23883 4457 30905 11660 24355 10688 2246 28813 24684 16018 13918 14183 22950 29573 28311 22151 21973 1633 12642 31595 23879 9797 6141 25603 10914 14886 13211 27464 22066 12937 4177 10011 25457 17026 26693 4960 23767 7148 21266 1627 27108 2794 32127 27211 2923 3230 13665 30789 27170 15657 21965 28755 25447 14563 24451 2765 16468 19676 18838 7926 17158 4755 22112 15067 30250 21238 30886 10345 27337 19610 5384 7118 20565 14652 11180 1810 4852 11896 13867 20213 27660 13768 17851 23819 4368 14272 11678 19222 27786 5768 17866 9124 3433 5019 4570 29674 14477 23742 22582 10976 18576 23620 30079 413 18390 10368 30781 26868 28888 11915 20683 14416 174 29751 8578 6605 2011 3412 31526 28569 9565 8226 4494 11913 22516 5399 13464 27135 20914 19922 6476 3323 31173 32608 16206 31872 2176 2990 32394 7978 
32005 29886 7501 24349 26401 9965 24431 4074 27491 24939 14443 20684 5496 11323 20238 12527 27946 4113 26887 32727 25151 25259 21995 7249 12190 11620 2940 12202 31156 0 8542 25071 16230 27893 1535 14498 27969 2129 22697 5309 24392 7934 9364 19692 17465 28968 17533 9021 18961 7311 13669 15636 13536 30483 134 15186 13036 26496 22678 16065 10761 10396 17983 25795 31288 8814 32734 2107 29055 17873 18556 21179 27912 5689 29195 27120 25470 19908 24290 17739 21668 18309 7803 30704 23094 7181 364 31460 22020 7227 16547 17267 31053 5701 5094 12767 8538 4359 21386 9295 17756 27019 371 14839 29063 32473 21837 4741 2927 22529 10249 5580 23458 28775 23195 4019 6279 5710 5106 11360 28278 1959 29240 8353 16665 14619 2891 2715 8707 29527 22651 22199 14478 12952 27014 13513 5882 29815 31442 27011 14532 24567 19178 2073 9796 29644 19259 24629 31114 9965 2064 11294 16506 10077 25547 19237 30757 9014 357 5200 7531 18423 31273 3402 3792 25616 15021 4490 15259 22187 8978 13762 23605 14781 18044 29579 12225 29260 26068 26958 31479 4867 445 14966 17478 15604 8149 23509 2346 27309 7982 22612 26827 20863 14348 23007 32727 17674 736 656 
1227 1070 11451 8548 4398 20081 20211 18942 13020 15155 9865 12262 26724 23831 4263 15471 13153 13984 12244 18901 32681 21654 11461 12486 2759 26539 31094 20256 24492 8542 0 521 29047 30221 28894 21243 24414 31023 27333 6773 11510 19607 8949 9127 7923 19825 15014 24722 31059 24877 331 12860 10961 5596 9888 20532 16525 18375 21237 27464 28154 2129 4538 26501 13576 16911 14924 18801 31379 22053 17150 12933 4875 12004 10859 2285 4965 929 25338 9859 29249 18904 27826 11018 17757 3971 2369 19879 10043 15028 13896 18853 4366 27258 23017 17002 13546 29938 19859 15029 9260 16043 13068 31514 20008 26432 16320 960 8978 1840 27209 25945 26414 31489 9791 7522 571 30614 6722 20893 22301 25549 31814 1739 28618 13149 30 11951 2423 16110 1099 10560 19715 21882 26887 5421 16292 739 15757 2967 14290 18390 12203 8970 25200 16095 27018 21949 9281 27342 18876 9996 25482 10825 8583 9266 1540 3250 25970 7243 12038 1084 31758 11146 2544 12617 5894 30135 11481 17158 17001 11244 24445 10569 5687 14736 21089 5035 13866 13460 4681 31202 3015 27885 17372 10593 26277 14162 29590 5170 28412 20279 1518 23827 5746 27658 5065 23760 29474 26029 
5909 27475 24221 20957 31025 1712 32692 27731 10978 32674 14090 31495 3809 6286 15812 4508 27928 12618 3504 14008 5474 28370 14889 26971 8082 2877 20540 4207 27830 25071 521 0 1318 7727 9148 16740 24269 2533 15389 18001 10430 25121 3961 2113 25108 30283 26076 18598 5376 6658 15772 12505 1156 13320 25908 2975 366 15725 25191 19708 664 31994 25234 21564 23646 2785 12369 5183 13152 26787 27222 3589 1657 14658 30597 18811 27648 26024 29781 14468 24126 14679 5475 12363 13104 17234 15192 25800 7039 1868 13308 4752 17596 19215 25755 17122 31456 3119 22937 21998 25860 27120 30545 16233 14685 3957 18483 8527 1147 27178 9245 12535 24514 14452 11514 4701 13097 15512 23705 5547 24115 8169 8144 777 25643 21045 15057 24743 30628 29041 29388 24329 304 1444 14535 22418 32096 7442 20922 2388 19964 5290 14318 22 23172 6321 12696 20902 7143 10672 22705 7521 28547 12700 4120 31232 19805 30020 8683 15782 15778 28160 803 19495 10589 22423 30831 22427 25211 32369 6226 16163 32508 6654 26240 30714 25468 16231 1141 11455 6370 14452 13143 32514 18790 19133 8974 5901 202 15124 19106 28149 3025 6450 17877 32225 4868 8097 29697 17561 
21359 2052 19670 19870 14527 23905 29210 19968 17995 27362 104 29415 2918 5727 19143 30090 1404 11366 23835 7569 23458 32131 13396 26745 30833 24766 18149 16441 30229 16230 29047 1318 0 9596 7009 8249 31838 9408 11459 13092 11547 23158 20390 31872 32246 25490 26842 12707 3532 31079 30542 12601 9736 29921 13948 1693 11180 255 22801 628 18081 6292 10209 9356 11068 11071 4362 21236 12817 1448 29543 6748 10748 22780 12857 29615 4206 32172 23824 19183 7157 19809 30720 17232 17678 12355 12289 29848 14639 14700 1959 7606 25615 28327 18436 2210 31545 5998 16858 7028 14290 12067 11013 21192 10918 22157 9255 8529 22137 24726 12950 28860 31884 22083 14979 16328 18286 3572 17772 6563 16390 12766 8389 25223 14558 20935 8418 13718 7089 23552 5159 20466 17719 6568 12915 17697 23345 2591 5322 30879 18608 14793 322 6341 19627 28677 5937 5850 18112 20588 10132 22647 11849 19279 17858 7712 24484 31083 23635 23328 11196 16111 21067 31397 21979 20913 3211 19997 27571 32427 22393 8400 9131 19133 1262 11455 11623 19102 19040 27836 8347 20003 11089 1995 30226 15029 31736 20920 14073 12556 18479 7417 20081 23089 10908 22982 10580 30644 24611 15990 
24074 16530 18659 7135 11280 14657 3287 17226 25664 27805 10554 27643 3295 13802 531 18543 12999 16811 22695 101 23561 17849 29505 18834 3542 32659 29231 30870 27040 27893 30221 7727 9596 0 933 7743 14460 18537 31156 25894 1622 19149 2018 25682 7408 16747 2285 20140 10080 9147 21049 14369 21015 32619 31883 31635 10173 20714 25605 24832 19278 31282 31586 20465 19314 17366 20082 6693 2849 5197 20441 10878 31608 18813 19972 9260 8918 24714 11116 15897 11578 22497 13839 26260 481 30592 14891 31554 6683 27528 11325 8514 5487 23813 1595 2463 18160 29949 13326 11771 14302 30136 11090 20857 23424 22095 2641 20972 28736 3191 23101 5438 18953 28815 20654 7972 478 26600 11356 6912 18108 16724 2334 26134 19377 28658 18210 26098 3901 4153 24942 14105 30697 25411 20376 32752 550 11355 20162 29674 31593 7370 11737 21237 1668 14814 30991 28967 25926 26939 8341 4773 17239 3943 30366 10196 32333 27792 8337 13763 10003 9121 22413 30424 14460 6021 5155 32697 16163 2746 335 29822 28294 11546 21176 6677 24419 997 23081 20470 29522 22546 30800 15881 6564 5848 17590 17108 29051 20600 2302 28136 1322 16717 27490 4750 6863 4375 25707 16046 
