20 0 0 0 0 0 0 0 0 0 0 0 0 0 0 0 0 0 0 0 
0 15303 19913 1152 21485 4415 30219 25403 17382 27808 21317 17914 10449 27476 5954 19219 1469 13759 4198 4392 
15303 0 22088 13266 26294 17516 30675 3558 2378 21318 6990 4939 9595 30847 11979 26670 5130 25236 908 27867 
19913 22088 0 20573 9085 16357 8994 20496 12288 8991 7409 23483 19035 22076 15840 18756 633 5814 7383 824 
1152 13266 20573 0 14260 7722 21426 10048 21032 27881 30787 17011 18194 22264 5636 27391 22552 2335 2094 32499 
21485 26294 9085 14260 0 8766 7482 23573 30723 21886 15693 6819 6940 18906 10783 11331 28071 2405 12847 23998 
4415 17516 16357 7722 8766 0 5864 5141 13294 13328 16923 18365 23517 2343 21036 21708 15915 13893 31498 24598 
30219 30675 8994 21426 7482 5864 0 6026 16493 20694 27936 20319 20653 24021 16151 14119 23483 18943 27408 32470 
25403 3558 20496 10048 23573 5141 6026 0 16414 3266 24632 15326 17401 22718 21132 22883 19875 5490 7596 27501 
17382 2378 12288 21032 30723 13294 16493 16414 0 12083 2343 7073 20494 11034 11582 16178 28756 24098 5757 23704 
27808 21318 8991 27881 21886 13328 20694 3266 12083 0 11169 15941 10325 8432 13030 28398 22139 1579 28685 28665 
21317 6990 7409 30787 15693 16923 27936 24632 2343 11169 0 15231 24223 5668 8676 10284 21253 15920 30088 7709 
17914 4939 23483 17011 6819 18365 20319 15326 7073 15941 15231 0 8275 6677 20860 8016 17240 8819 21511 17415 
10449 9595 19035 18194 6940 23517 20653 17401 20494 10325 24223 8275 0 27785 6059 7360 10175 15014 15207 17846 
27476 30847 22076 22264 18906 2343 24021 22718 11034 8432 5668 6677 27785 0 9768 22924 25817 9548 19865 6420 
5954 11979 15840 5636 10783 21036 16151 21132 11582 13030 8676 20860 6059 9768 0 10945 3915 1291 2879 15789 
19219 26670 18756 27391 11331 21708 14119 22883 16178 28398 10284 8016 7360 22924 10945 0 18600 6762 19979 15351 
1469 5130 633 22552 28071 15915 23483 19875 28756 22139 21253 17240 10175 25817 3915 18600 0 16743 18718 25679 
13759 25236 5814 2335 2405 13893 18943 5490 24098 1579 15920 8819 15014 9548 1291 6762 16743 0 10609 2898 
4198 908 7383 2094 12847 31498 27408 7596 5757 28685 30088 21511 15207 19865 2879 19979 18718 10609 0 22804 
4392 27867 824 32499 23998 24598 32470 27501 23704 28665 7709 17415 17846 6420 15789 15351 25679 2898 22804 0 
