20 0 0 0 0 0 0 0 0 0 0 0 0 0 0 0 0 0 0 0 
0 24546 15334 31354 9226 29606 24068 13321 32757 29128 15035 7868 1044 20606 21790 29150 15914 25004 15907 11482 
24546 0 13061 20836 22568 2022 10825 23336 23298 31855 16648 24182 15678 24268 5817 5858 27328 18753 17958 16536 
15334 13061 0 6291 13563 21340 8267 16825 12635 11446 24612 31572 15264 4580 3910 11869 4234 17476 13383 14077 
31354 20836 6291 0 28715 12362 25473 15533 4607 29721 30583 7174 27146 2181 32046 6345 187 14566 7191 11367 
9226 22568 13563 28715 0 5055 18719 14477 13946 31352 29561 29119 11405 14097 15801 14749 7916 31024 16379 14857 
29606 2022 21340 12362 5055 0 28088 21670 24965 25136 6580 12316 23666 28047 27268 7877 32185 12334 11393 8304 
24068 10825 8267 25473 18719 28088 0 3933 5092 18750 30639 16794 1126 22371 12623 8337 25636 27733 24522 29831 
13321 23336 16825 15533 14477 21670 3933 0 11123 19813 19815 17874 19406 14066 27669 11989 23452 31342 5903 713 
32757 23298 12635 4607 13946 24965 5092 11123 0 6438 6195 29637 17722 12885 27200 4804 7038 5801 2772 5916 
29128 31855 11446 29721 31352 25136 18750 19813 6438 0 17193 19464 447 24171 4215 7602 13733 981 31737 16589 
15035 16648 24612 30583 29561 6580 30639 19815 6195 17193 0 10010 19140 31259 30491 28645 13239 30315 14242 25587 
7868 24182 31572 7174 29119 12316 16794 17874 29637 19464 10010 0 18728 5922 17671 6855 1565 12614 14860 23873 
1044 15678 15264 27146 11405 23666 1126 19406 17722 447 19140 18728 0 16377 27816 1628 21128 17932 10895 16066 
20606 24268 4580 2181 14097 28047 22371 14066 12885 24171 31259 5922 16377 0 15559 19677 26144 38 27123 4335 
21790 5817 3910 32046 15801 27268 12623 27669 27200 4215 30491 17671 27816 15559 0 13258 13760 20298 20587 22924 
29150 5858 11869 6345 14749 7877 8337 11989 4804 7602 28645 6855 1628 19677 13258 0 2268 30070 26827 6330 
15914 27328 4234 187 7916 32185 25636 23452 7038 13733 13239 1565 21128 26144 13760 2268 0 25688 20291 19659 
25004 18753 17476 14566 31024 12334 27733 31342 5801 981 30315 12614 17932 38 20298 30070 25688 0 5187 26044 
15907 17958 13383 7191 16379 11393 24522 5903 2772 31737 14242 14860 10895 27123 20587 26827 20291 5187 0 7599 
11482 16536 14077 11367 14857 8304 29831 713 5916 16589 25587 23873 16066 4335 22924 6330 19659 26044 7599 0 
