20 0 0 0 0 0 0 0 0 0 0 0 0 0 0 0 0 0 0 0 
0 29584 29071 6283 13235 19569 9753 16799 19401 25170 1114 5238 29259 8448 7052 32126 5346 24038 13548 22980 
29584 0 7374 30893 977 15737 4838 29538 26074 244 20443 31988 30198 11237 24302 2758 26269 5433 32344 17763 
29071 7374 0 16368 129 6392 10447 27839 11595 4080 5770 7305 26576 24301 6932 32532 26200 15260 28152 7086 
6283 30893 16368 0 18116 31209 13333 31847 21114 24200 31196 3917 290 29660 18351 3948 1744 10639 24668 9227 
13235 977 129 18116 0 16188 17776 8998 31508 2954 20726 27756 30779 28523 747 4494 2844 10703 5784 9512 
19569 15737 6392 31209 16188 0 26951 4850 22720 22481 4840 30462 23218 16471 8573 16600 16142 17010 6171 24418 
9753 4838 10447 13333 17776 26951 0 10212 6526 24582 22529 27369 26938 27321 23208 25685 19178 1365 413 4979 
16799 29538 27839 31847 8998 4850 10212 0 26994 2940 1499 10230 13391 7254 8058 11903 12719 19321 10982 15539 
19401 26074 11595 21114 31508 22720 6526 26994 0 23371 27409 27481 26037 7331 13114 6158 6654 27926 11727 26512 
25170 244 4080 24200 2954 22481 24582 2940 23371 0 31890 8896 30082 9720 30659 4455 6182 2775 22581 20050 
1114 20443 5770 31196 20726 4840 22529 1499 27409 31890 0 25673 1619 20022 30582 6329 4512 19898 29010 4721 
5238 31988 7305 3917 27756 30462 27369 10230 27481 8896 25673 0 20136 8186 27238 10336 15820 1227 2047 4499 
29259 30198 26576 290 30779 23218 26938 13391 26037 30082 1619 20136 0 17834 28082 18823 21037 9178 23831 21404 
8448 11237 24301 29660 28523 16471 27321 7254 7331 9720 20022 8186 17834 0 30954 29417 25163 28568 5349 10592 
7052 24302 6932 18351 747 8573 23208 8058 13114 30659 30582 27238 28082 30954 0 6318 16993 28812 232 1517 
32126 2758 32532 3948 4494 16600 25685 11903 6158 4455 6329 10336 18823 29417 6318 0 18498 25683 6282 624 
5346 26269 26200 1744 2844 16142 19178 12719 6654 6182 4512 15820 21037 25163 16993 18498 0 31623 15573 4951 
24038 5433 15260 10639 10703 17010 1365 19321 27926 2775 19898 1227 9178 28568 28812 25683 31623 0 21453 22142 
13548 32344 28152 24668 5784 6171 413 10982 11727 22581 29010 2047 23831 5349 232 6282 15573 21453 0 20446 
22980 17763 7086 9227 9512 24418 4979 15539 26512 20050 4721 4499 21404 10592 1517 624 4951 22142 20446 0 
