20 0 0 0 0 0 0 0 0 0 0 0 0 0 0 0 0 0 0 0 
0 20341 882 8849 25494 27146 15904 28881 4026 23851 7397 15284 5896 15317 23985 22196 23668 12793 1839 15891 
20341 0 16401 23323 4703 31231 24688 9761 5154 22475 10785 12745 24115 17816 30464 23570 4071 11915 15295 29095 
882 16401 0 30650 28419 1409 11174 31510 11249 1624 21335 31984 30347 9029 18862 6652 22600 3599 22152 26601 
8849 23323 30650 0 3660 26569 9287 26362 4771 22360 31400 13754 24106 16974 24709 24994 24109 31176 19571 30359 
25494 4703 28419 3660 0 19899 6539 18095 15517 26256 6858 5456 26315 564 28497 1076 22999 14852 2252 18653 
27146 31231 1409 26569 19899 0 4727 21088 11050 10673 15183 3743 23068 23535 2341 30431 32639 18568 26276 7944 
15904 24688 11174 9287 6539 4727 0 12305 17926 26526 19825 30893 13696 28971 26736 31468 17026 25344 3299 7617 
28881 9761 31510 26362 18095 21088 12305 0 32284 19161 6316 7682 11386 15907 1520 22797 9142 26236 12675 9558 
4026 5154 11249 4771 15517 11050 17926 32284 0 29015 23557 4917 28808 5480 30264 17532 28372 13455 14712 11532 
23851 22475 1624 22360 26256 10673 26526 19161 29015 0 25866 5373 7192 26749 6706 25252 14588 3373 19529 32126 
7397 10785 21335 31400 6858 15183 19825 6316 23557 25866 0 30895 6701 27199 8767 20735 12526 5503 12088 19611 
15284 12745 31984 13754 5456 3743 30893 7682 4917 5373 30895 0 9682 8940 30426 11497 31495 30199 8699 30809 
5896 24115 30347 24106 26315 23068 13696 11386 28808 7192 6701 9682 0 29243 6325 24555 10084 6260 28143 23184 
15317 17816 9029 16974 564 23535 28971 15907 5480 26749 27199 8940 29243 0 25163 32664 24836 5310 30859 12677 
23985 30464 18862 24709 28497 2341 26736 1520 30264 6706 8767 30426 6325 25163 0 4004 7148 9805 15292 27149 
22196 23570 6652 24994 1076 30431 31468 22797 17532 25252 20735 11497 24555 32664 4004 0 2062 2375 32202 9644 
23668 4071 22600 24109 22999 32639 17026 9142 28372 14588 12526 31495 10084 24836 7148 2062 0 22679 14001 10972 
12793 11915 3599 31176 14852 18568 25344 26236 13455 3373 5503 30199 6260 5310 9805 2375 22679 0 26874 31764 
1839 15295 22152 19571 2252 26276 3299 12675 14712 19529 12088 8699 28143 30859 15292 32202 14001 26874 0 2883 
15891 29095 26601 30359 18653 7944 7617 9558 11532 32126 19611 30809 23184 12677 27149 9644 10972 31764 2883 0 
