200 0 0 0 0 0 0 0 0 0 0 0 0 0 0 0 0 0 0 0 0 0 0 0 0 0 0 0 0 0 0 0 0 0 0 0 0 0 0 0 0 0 0 0 0 0 0 0 0 0 0 0 0 0 0 0 0 0 0 0 0 0 0 0 0 0 0 0 0 0 0 0 0 0 0 0 0 0 0 0 0 0 0 0 0 0 0 0 0 0 0 0 0 0 0 0 0 0 0 0 0 0 0 0 0 0 0 0 0 0 0 0 0 0 0 0 0 0 0 0 0 0 0 0 0 0 0 0 0 0 0 0 0 0 0 0 0 0 0 0 0 0 0 0 0 0 0 0 0 0 0 0 0 0 0 0 0 0 0 0 0 0 0 0 0 0 0 0 0 0 0 0 0 0 0 0 0 0 0 0 0 0 0 0 0 0 0 0 0 0 0 0 0 0 0 0 0 0 0 0 
0 29441 17599 8361 8893 14584 23440 32544 26993 7643 18324 5408 21618 9195 24022 14099 16390 4695 15019 4911 27958 9481 8694 21736 31272 30389 32410 4246 24511 20772 7488 17251 12405 20413 32331 29559 5240 85 23320 15463 16131 28217 14971 21467 22784 17273 12406 21118 7388 27767 9532 19755 8106 27056 16230 2646 891 15305 19828 24505 3837 5598 19080 1089 26195 16903 23134 25143 24884 25644 22671 13746 14918 1802 22279 829 5053 8070 10179 12997 3376 29233 19920 23238 26299 1820 29057 1974 27995 6111 13297 2993 11398 9188 32184 8806 8458 5880 9457 30018 26921 11796 1645 19419 11762 1641 28209 29856 16865 682 27446 12735 12474 29343 27232 13910 15522 10471 13504 32734 1152 27404 11526 6100 20371 26573 26698 2474 14933 8104 32253 6382 16527 27558 11049 953 24765 3692 9457 23898 21669 31615 13893 19779 6962 16598 1252 15924 20374 16038 6552 18855 2465 6506 1966 27516 17244 4658 20404 18918 32745 12590 22903 7572 12191 28282 8508 1572 3425 17707 29758 22213 28991 23706 22632 10027 21585 13297 31572 13497 464 31732 17540 24554 12662 2833 26336 20992 1815 6059 3440 5872 13184 9378 32602 14221 12944 19495 22303 8180 
29441 0 14719 29051 27664 29961 26377 25424 12402 14162 5814 14314 10048 13807 31704 7999 667 9988 14555 17621 25434 9085 11917 5512 24566 6384 28078 11390 31671 2229 30392 872 23071 20548 13295 16890 15000 30415 22956 18605 2138 15392 6374 21173 2719 25780 20482 19261 266 32537 9693 12778 14421 7813 15127 10895 25402 18104 23970 5165 17316 1300 27275 17199 28694 29434 18952 15075 16732 7527 12739 572 13424 3536 6501 28615 19632 28731 3430 2283 16958 4766 19475 20581 2232 14717 22753 8195 31257 1470 29169 27040 12782 26576 5092 31584 25790 23549 30690 9006 16308 27660 14309 19827 7310 12826 1354 31512 5579 22714 7579 10943 18192 21580 27030 4413 17883 20891 29314 15708 7787 5563 6579 719 24815 19233 15963 18549 2799 30724 15764 5586 22776 6643 30891 31691 19595 8887 19886 13474 29255 21099 11833 5938 13398 10970 16510 14700 17686 30745 13971 24081 28169 10854 18431 2481 20222 32064 31111 23268 22912 10183 7990 456 5248 4694 17580 29372 29759 19806 26537 12379 21118 17798 12505 18620 21225 28929 5858 25064 16321 29231 6059 29083 10953 27511 29678 31808 24179 100 6401 30503 27467 16382 9442 10761 23972 29804 12417 11198 
17599 14719 0 1506 2051 4779 31013 27512 4899 26037 17072 20632 15617 18485 17235 24024 23147 13493 28030 11790 7434 14940 22902 27933 11937 5978 8363 255 31626 27543 20060 26899 18542 20381 8558 16297 28485 23491 7049 2507 24462 27547 6516 16717 15823 10653 28851 17688 15951 12053 20063 7091 5907 17483 21317 13332 9495 3314 10563 4261 8398 11475 3551 2202 32220 12473 3624 2930 21010 18336 28626 4811 24491 6170 909 11883 7878 15874 23718 22155 25124 15460 10721 28775 29475 28588 11158 12547 16634 19470 778 19008 32567 29750 22288 3616 20342 29745 2529 29781 21092 11419 31800 11792 15347 14858 6578 13321 18143 25786 10853 31434 9058 25723 9662 14657 15667 1239 672 28037 29893 30088 16571 3047 10174 21274 10026 1085 9397 13276 29776 2412 26161 17676 31476 18228 12511 17475 26779 29247 28946 24863 12583 24172 29568 21296 23470 1881 21819 12325 11420 14128 18159 20023 26891 14259 32603 16085 12130 14730 30993 11666 8494 24012 22386 12108 23101 3533 3813 19870 28929 3367 11351 23176 31780 29194 22520 22620 22887 28616 28467 492 12736 8093 20975 16115 30388 13244 16133 4289 21746 16543 23554 17195 22577 2192 17439 28081 15436 30067 
8361 29051 1506 0 3737 9263 7661 32073 32546 5930 7254 12505 13676 8799 4875 16162 12675 16230 23979 16210 25046 29435 17246 5745 16780 11706 21692 11327 26891 25629 2555 32080 15558 31160 27997 18022 9799 23475 24025 17679 893 26249 13832 18816 14408 29439 25426 5552 3650 9832 14682 17848 20175 25111 3495 15723 17256 28197 26516 22322 2085 15204 20603 20522 23689 22692 4125 11648 24210 30501 24917 5900 23552 6749 27389 25388 9701 20203 2336 20452 4718 1244 12897 9524 6385 26909 1452 15545 13368 23104 19484 10887 30476 21619 31533 837 32517 28862 802 31627 12689 21373 30137 23672 28483 9758 20749 2456 10589 30747 31436 5109 1441 9018 14234 5755 31828 3845 10949 22418 7315 28548 10795 27638 25307 23362 29288 22234 19923 21631 1860 25405 7517 8627 19549 12940 26589 4419 8720 15481 29128 1159 4781 15387 29552 24060 23516 17991 14607 11974 24650 1326 18706 16234 19865 21816 31912 20425 646 16160 13963 10847 348 2896 9229 26302 31385 27263 13414 30534 15327 28553 12861 24103 3869 22159 11126 9625 22015 21840 4923 30553 28051 28870 19021 28519 9790 5124 31116 1535 23518 25679 27332 11478 31296 3708 19386 31639 31173 2442 
8893 27664 2051 3737 0 20629 29743 12200 3427 1573 14744 18664 12945 25376 20830 31922 6421 32563 20433 3692 11084 30107 28591 21742 20083 13041 10334 3046 24839 7479 873 3467 24162 16932 19773 16519 25491 30636 32037 17950 4478 6867 28803 13476 2101 22707 21841 27166 30614 11723 24535 17207 293 1931 10158 16998 26412 13341 18422 29533 17681 3189 7891 5813 19703 1180 18478 25048 18073 3642 12202 24367 19299 31074 21989 14988 31698 16290 9457 1499 10765 25930 28690 16900 13765 23805 31417 14372 5450 6518 8896 28397 18415 14748 2536 18522 11679 31433 23184 5016 32704 23894 952 7985 26441 10091 2102 6010 27679 12806 15671 15679 14772 11338 5113 16557 29922 16649 19143 19584 7941 19093 8502 3438 16985 195 27550 16852 25491 19776 8667 7583 29890 12825 17733 3709 17768 28293 14830 11333 11220 19958 28443 24996 25538 19808 29445 6409 24119 713 19921 31187 32406 29457 16334 441 263 16899 16110 1657 1546 26780 20359 27589 32598 23963 5194 6508 31224 23626 12676 32197 425 13707 24469 10336 6512 22310 18606 18672 1401 30034 3535 7795 25140 643 3841 8868 17586 24947 21200 32163 24636 32115 10507 3555 27957 13555 25791 4180 
14584 29961 4779 9263 20629 0 25035 27908 151 17300 23142 28470 3491 27790 28197 13740 17023 28315 10889 7008 32523 15281 28363 18945 20347 4790 6440 30125 24903 14163 30317 24564 2133 5912 8132 15882 8293 6097 12989 24139 22205 2856 3999 10484 10262 892 2545 22560 7878 1536 14148 770 7471 22040 18499 22626 16488 22001 6141 9306 10026 14431 23921 32081 10493 32763 11100 13368 18852 1917 10815 25604 29895 3927 14516 15468 19935 3220 24051 25572 8295 13551 15007 3290 15424 1079 25558 6704 19045 14051 21625 28411 26064 30193 24760 17786 1196 12292 22497 10585 32189 23485 16490 28967 13837 8026 23101 21268 17112 6542 21316 28912 3001 18336 23093 30562 14614 17607 31647 11365 31434 24260 30004 2312 29457 15297 27481 14951 20921 3434 11501 9701 27527 3402 29014 19627 23015 15976 15570 10854 28376 12322 22267 27452 2326 15945 32668 5392 5257 2686 19892 32760 17135 10957 25800 14843 18630 18824 27757 12816 10876 12901 30229 18003 26073 2267 15642 4490 941 9145 27913 5080 23990 18953 23089 4800 9429 19748 22636 19549 29554 15382 7213 23008 30764 11317 20938 23883 1221 21245 22283 22124 3405 27950 17140 15133 25485 12072 10191 11962 
23440 26377 31013 7661 29743 25035 0 21430 20228 28373 26800 9739 13279 224 12285 13296 29131 26796 23379 15593 19546 17725 24248 31065 11037 3034 4646 22354 27356 20593 4838 24987 32279 17992 23082 32002 30909 17637 17646 26596 25388 23872 2321 10234 28777 19239 21423 21095 29601 20210 3265 23039 12512 15208 31736 20441 25872 17393 19159 16920 8501 22270 8207 9463 21735 4277 20511 29203 9232 4577 24365 27132 25576 18201 20511 9215 23342 27695 31997 22574 8616 22492 29835 4017 15070 23466 6435 10064 18450 17442 31952 20545 28036 17719 14001 31535 18148 24307 11660 22923 1816 1632 5041 24856 7983 7864 4114 32177 2213 3793 20640 23901 3801 32451 489 662 13261 2524 26607 2262 3101 28870 5195 18275 11842 6134 30083 15964 4359 24152 15272 31235 30028 6201 20020 22605 14075 14966 20258 23721 8520 483 26447 32269 8749 8957 22545 6983 31012 19924 3606 386 15655 4659 12671 12566 21990 28690 28477 19605 17480 8254 30635 24083 22053 24902 28269 24246 8514 21673 18312 11390 24973 14398 19907 23126 5785 2020 20029 1627 31837 21355 9551 8812 15145 21698 10405 23283 27370 4707 10904 2035 17823 6651 4814 21586 9499 8030 18452 1896 
32544 25424 27512 32073 12200 27908 21430 0 9683 31321 7267 25794 19969 14085 927 763 15740 25490 18644 6547 16377 1052 6879 7948 14905 25350 22980 27110 9808 26547 25244 11126 8753 17538 15289 26630 15486 6157 27932 10286 27534 23970 4377 24435 23231 18689 26952 17438 31230 26968 943 5214 31637 12157 15406 1185 11316 13163 9771 21295 20803 21759 10879 15625 31078 5107 26017 20481 27473 15131 4625 22042 7886 15072 2823 22050 27661 20218 13148 25998 23851 19314 19641 18326 19974 11480 2815 5522 17984 18368 28662 27795 14737 13187 15162 23621 6737 19508 31330 4869 27206 26593 1395 830 13739 6924 29573 32265 9346 10344 21427 32517 3611 30680 13896 9588 15076 12454 21032 5783 16500 21248 21117 17739 9171 27833 6307 23269 11787 17725 32342 15690 7924 7381 25626 28243 10812 23325 6123 16480 27318 18627 24613 7226 14309 12418 14006 21551 2505 863 131 16489 22248 23586 19736 8334 6304 32279 27284 32414 25004 11014 22996 3849 13044 27761 28382 18960 31386 11277 10641 14942 26946 14211 4747 15590 2466 2920 10330 11775 17994 378 10471 16319 18869 15901 17183 30101 25745 30998 31972 298 26187 32135 22836 31865 5086 32043 2712 15661 
26993 12402 4899 32546 3427 151 20228 9683 0 18467 4995 7590 32646 27768 22570 10242 31005 12741 30890 12408 29412 10278 1942 13421 11340 12774 27923 3670 17865 28491 13069 29985 17711 9382 12470 993 24397 18075 12607 5566 17096 6318 29147 540 24634 2574 4849 1290 27531 15526 22688 24558 4751 25185 22137 32367 9441 23741 25208 11170 10495 19091 27460 9081 6823 28710 3496 3176 20081 9578 1362 9562 13997 13975 21707 13268 1407 25326 16566 32360 26681 26058 31309 24412 22521 13803 5401 15259 15236 26366 9201 27100 22114 22897 6454 22034 16698 9334 17997 27924 26480 26197 5725 7309 17916 26359 24650 29478 26510 14511 27634 11506 23008 17227 1703 14363 6235 25948 17133 32203 10221 6083 16246 31581 24618 16252 4442 30660 7586 6574 11675 24891 22914 28147 28121 7983 25198 29413 3154 25706 12957 4330 13085 19842 7991 28481 31399 22401 23788 30541 29551 31445 5589 14881 5886 30331 3215 25677 15402 5991 2198 11239 27275 2103 2015 25821 10558 29976 29114 10106 9433 4089 18151 13623 18607 16623 2806 1988 10053 3816 25316 13910 19989 3219 9459 7474 24706 21903 21962 29563 5660 26579 20174 15161 30741 25951 2496 14250 31235 2593 
7643 14162 26037 5930 1573 17300 28373 31321 18467 0 11692 30674 14310 28909 23394 29544 10191 23529 22607 21265 3964 131 20256 15308 10124 13195 11996 17518 8848 20698 13871 10076 4095 14641 24820 23433 28509 23892 25601 12466 16295 4711 9016 19161 5890 11144 19914 6400 3748 5294 3278 9000 3843 27330 28674 19337 18493 19707 1249 24339 25287 25471 17382 4389 13401 22328 16415 16012 1305 14068 17654 5056 12551 1472 20027 29274 12714 28294 1654 12761 23545 22758 14188 6038 24203 23377 22767 8709 19459 18028 10730 814 15798 17828 32685 26219 23198 20750 14197 23908 20100 27777 30272 4168 32105 28662 8912 3405 32566 21792 17917 21355 12196 17991 15680 29780 24174 27242 27517 27063 27574 10901 21520 31159 23733 27776 19483 18086 13478 32362 11790 26119 7669 12340 15224 6851 12196 21953 6413 3754 23294 11916 4344 10029 19839 28299 1891 20826 21251 25669 19780 24857 1070 30767 15722 24486 19740 332 20424 25934 6218 11012 3841 23150 10691 26692 7221 15273 30351 12247 11530 15721 1114 32261 12286 27288 7521 22378 748 6816 25762 18712 26589 23201 5699 8689 9233 9714 67 24894 30029 2523 32608 5780 18791 4240 3144 12009 25616 3953 
18324 5814 17072 7254 14744 23142 26800 7267 4995 11692 0 28408 493 12240 16797 20216 32234 27377 9050 11165 15771 13994 15330 32345 29270 24961 2000 20510 2196 25047 30164 5163 12066 19546 19981 19735 19878 8877 28324 10268 1621 18005 6569 31398 7923 7143 20530 19995 27915 10865 30386 26093 8560 17191 16023 27613 3829 32079 4392 11922 18537 4718 30621 7771 12757 26291 15488 29760 24825 18852 16964 12112 26885 15112 19235 21542 28053 16404 11837 6844 6383 5338 13806 30325 20864 17903 9072 9318 19092 32348 5042 11236 19542 5575 16760 32084 20232 10978 24755 6958 17795 22035 3875 31059 13042 16485 5675 32400 26570 10928 31221 21619 526 12548 4551 29006 3266 22107 9636 2185 23212 9344 19750 19757 30802 27706 2971 12974 20785 29117 25951 6136 25658 4435 27258 2237 9107 10310 29306 254 23436 19985 1426 24279 15583 10695 12019 28303 26157 28612 13419 15585 2229 21395 28477 7045 1111 31263 16960 1026 5833 14366 26939 17591 31256 10426 7551 9255 3682 26754 19399 26245 27345 144 22348 24961 29148 19964 9773 2642 17594 29056 29438 10755 12839 4973 8110 9218 31835 1999 1438 31463 4679 7900 32511 32642 6163 11682 9581 22057 
5408 14314 20632 12505 18664 28470 9739 25794 7590 30674 28408 0 31893 7757 10229 31598 53 29297 7671 15968 31674 28780 9775 24357 2442 1505 11703 6807 6065 29143 10355 28587 16948 4472 19190 24652 24466 9226 17589 20346 27547 8748 18027 14499 15478 1106 24781 15426 11757 5250 1903 15798 12028 10064 17398 3685 23961 22552 25983 25105 7366 9340 14415 2170 20693 797 4541 10294 11770 20894 15453 30413 17687 13782 4205 10777 15044 20052 17541 7900 21661 19993 17018 28834 18640 24465 3220 32474 31719 27347 32497 6960 6355 6938 31032 23853 12089 16259 15490 22290 17409 25353 2438 10226 28 14270 19205 9998 27030 12620 22645 9334 21212 27308 7408 31453 27727 13093 11871 28348 9226 24200 8419 5803 16368 13482 8837 18684 24057 7202 11039 19097 18110 23620 19594 15136 15939 4702 28425 31293 16133 13874 1525 583 19267 18868 2218 29726 16529 4101 15281 20548 22939 26544 5679 6458 18998 9252 20366 23326 8621 625 24939 21634 24394 5447 2496 15503 25892 17452 6482 25179 13608 14846 6749 8583 9322 24233 7038 26653 28845 14377 10977 18857 25649 20163 19884 23446 29629 28799 32683 22219 749 28650 1853 14982 15037 14858 10623 27768 
21618 10048 15617 13676 12945 3491 13279 19969 32646 14310 493 31893 0 24980 12226 3913 10734 26456 3536 22676 11101 8371 9599 27673 5542 31021 18092 19517 17486 3359 5599 12817 10753 13183 3723 15041 23272 8682 1160 15679 31815 22258 16591 5168 21851 13994 5493 26647 32115 1391 1257 17857 25421 11513 22642 3314 10675 30626 16868 845 5463 11766 25762 6025 2027 17019 25049 8402 17541 30659 17403 9852 31025 11440 25978 31727 18904 15110 11975 15567 22609 5175 18314 30060 1477 2155 5923 874 26952 25550 12385 31409 14262 19999 1153 6807 6347 6262 31082 8012 9606 25940 16168 31622 3007 22257 166 18029 4871 12226 19376 27082 32448 4425 19497 23659 2429 17698 13961 29914 30109 15434 32154 8255 28451 12466 12148 2451 15064 5381 5558 32007 28323 16054 29958 5043 12072 30286 1996 29570 11936 23028 4138 12126 26873 15932 7487 5016 22830 31029 24478 27291 9192 17326 10505 1489 29526 7368 29554 5845 74 23490 2868 9435 1173 23553 14478 10844 4772 28510 1122 9991 3676 692 29740 12772 17202 8361 22852 22474 21391 16061 3928 20995 32099 145 17956 24894 28680 23929 12917 22709 12121 21573 16990 9632 16403 6476 12473 24282 
9195 13807 18485 8799 25376 27790 224 14085 27768 28909 12240 7757 24980 0 5642 17389 8101 10974 1638 23408 21534 24746 15643 32034 4831 31857 17668 14091 6213 23769 28662 31781 30785 29105 16394 19483 28487 32720 21289 25158 887 4657 31961 2026 16910 21581 31303 26029 9487 20920 27797 28761 27950 22271 1381 19667 31742 28608 4519 18267 31323 15883 20128 14854 22298 9977 13627 32377 27119 4235 10132 18152 18079 11462 11458 31310 3176 3596 9956 28654 15789 189 12143 9739 27622 26126 1463 20452 17350 3113 15292 22258 17838 16262 3382 11109 13907 4489 3300 32733 5035 4189 5137 19557 6686 27664 8296 13494 9706 17648 3066 11690 31959 7973 19341 32254 19484 14223 7974 30284 26257 13794 24794 31816 3862 30721 24018 17722 23364 29336 26012 23485 31315 25340 31673 19639 27723 20039 22372 6040 30062 2480 7584 15831 23013 18472 390 3497 11690 26939 14029 1028 17590 1317 25242 25045 3948 29236 30345 20605 28485 16222 8700 12690 20413 24610 17828 30164 3965 1444 5454 5997 1482 24836 21487 4973 12335 19199 22003 32390 21606 3273 13762 4356 8844 17962 26259 17936 9094 11479 4470 27174 32686 8467 26780 13524 27074 21383 23785 18869 
24022 31704 17235 4875 20830 28197 12285 927 22570 23394 16797 10229 12226 5642 0 24977 6085 27718 20147 17318 4556 12815 1296 4230 12920 8153 29384 7825 6119 16039 9231 31302 630 8441 30024 24339 4602 1851 105 6748 4670 31853 32656 1226 29373 14100 24807 32214 17825 19041 1973 5526 25084 29600 30405 20679 1350 4067 24572 13084 4119 1520 21814 31685 14885 12392 5729 16451 22913 5177 14557 20843 6414 28487 9235 5816 14915 27478 8020 19414 15906 314 27892 19564 4471 22594 11943 23081 6230 11746 3868 2322 13519 4512 27864 15883 9461 321 596 27556 21518 12597 18266 31014 31516 3392 1949 32733 11404 15722 27288 19112 10045 15145 26793 17343 3253 17101 26989 15555 22175 11564 1886 15628 10121 32143 13484 16943 21211 12252 15705 7887 14363 4869 25240 25509 19807 15281 2918 32466 29971 23338 18026 32100 31469 1670 6411 6951 21550 14873 22480 3246 32539 9498 1020 12194 7611 2453 27242 3402 10194 15506 32678 23387 20510 4739 13645 26370 30929 17395 17575 5679 21327 5740 10883 27427 1833 21929 20562 13885 31833 26878 7815 25090 9408 4357 29742 1387 24798 6538 16331 10355 23505 3001 13685 26337 31376 11398 24115 23890 
14099 7999 24024 16162 31922 13740 13296 763 10242 29544 20216 31598 3913 17389 24977 0 19912 27667 76 18710 21540 16118 21127 30799 23054 8182 8644 15009 19355 17724 1116 31290 13094 4470 32017 5510 29087 22163 8948 26120 18709 12222 27031 1139 25990 3742 21876 1548 20454 22476 10397 12100 30575 10900 21414 22417 15656 12273 14031 31373 11704 3267 32630 12882 21868 21331 11708 5909 23174 4105 3702 16385 18889 19820 13655 24919 16706 11099 17243 17347 25945 25994 1399 4353 19481 25920 14208 12721 19132 14927 30553 14455 20858 5972 13408 5719 16786 11569 10010 5199 27033 456 7454 20022 5123 7673 9536 10964 21488 11999 26623 3395 31801 30278 14385 15237 27835 9840 10221 13927 8674 1290 11704 32406 12921 29033 9716 767 10161 10761 15493 13420 23408 27976 2758 31324 18652 20831 30124 1315 31527 28578 6200 14659 1693 16120 17955 12297 14316 14750 29381 2412 26035 10776 2118 2850 4174 15224 31496 18692 15329 10451 9556 21156 12450 10241 14148 8749 3435 27540 18161 18555 22656 22555 19678 4731 31390 18584 6309 9156 20549 32320 2528 17015 15687 6002 6490 20564 28305 10746 32374 11549 13881 23687 31967 32304 11720 7018 9842 5984 
16390 667 23147 12675 6421 17023 29131 15740 31005 10191 32234 53 10734 8101 6085 19912 0 10447 10742 3387 29028 13870 17680 15047 11162 19154 5094 20287 26915 4272 25242 7428 26779 20783 8474 5829 1506 7412 7008 10989 19064 11754 20713 26445 793 12177 1906 12550 5781 22921 29946 7353 6641 2142 7413 13042 24004 16533 15565 11473 28875 18423 25503 29947 21455 16669 4404 30913 23225 30013 30781 5519 30451 14388 16340 11928 26370 4821 24623 14016 1889 8049 30374 15049 16544 17574 11497 14273 20157 14956 3962 18860 24003 1374 28529 32366 14241 21574 11121 22779 32589 27628 31717 20674 13594 3359 7808 22871 86 260 31989 15969 31272 14239 10994 24515 30120 9376 22371 6670 319 18032 3301 26406 7490 892 23944 819 25546 18881 21962 8651 7639 7320 21200 32606 421 31939 6119 23267 5710 22200 16187 9153 30881 25389 25046 26623 32065 9700 4828 20143 27650 30393 2566 10904 20608 16618 6492 28964 7169 25766 18999 8585 5262 26329 15734 26683 19788 23351 11008 2706 9249 13446 7290 26296 132 26417 16202 5077 20388 2570 27084 28286 31164 24926 12244 7515 19638 64 8805 23063 6143 27662 5807 2702 30122 28232 4175 30258 
4695 9988 13493 16230 32563 28315 26796 25490 12741 23529 27377 29297 26456 10974 27718 27667 10447 0 6092 22367 10621 21295 15322 9940 3000 18969 2162 29927 13648 10028 11165 22437 4448 31203 11520 3373 20535 15620 13600 6514 9797 24698 30452 2867 31563 8312 26545 1080 21955 26059 12498 24783 3725 11135 2151 6790 6363 9653 23456 16938 27231 9668 30617 11520 20403 30607 7271 12611 14601 13351 9827 3550 19221 17825 14775 22891 16439 6201 7207 5228 26093 13480 10529 15048 17016 16322 3080 28809 11981 6996 11452 9685 28863 9277 31342 20010 8555 18891 163 1758 27620 31321 29319 18647 28704 8486 6260 391 22050 12664 19394 12074 23913 31473 27856 23620 29848 17201 32596 5717 9575 24749 22752 15327 24778 21200 3509 15771 30560 4944 1996 12024 18975 7378 29730 16852 32574 25281 29251 2430 18274 13932 12826 8428 32525 21855 27640 4153 14404 7427 24291 3426 30847 8057 16673 29762 14039 5555 20229 4555 26218 27349 25593 7815 6418 23755 18892 1102 1607 28203 10813 19273 593 9549 20168 18984 12723 21673 6833 30112 1236 26737 27470 27432 18415 30063 19098 4852 21309 1312 8183 30002 10081 23314 19267 7812 533 12155 22046 12221 
15019 14555 28030 23979 20433 10889 23379 18644 30890 22607 9050 7671 3536 1638 20147 76 10742 6092 0 14697 23445 7902 3770 9598 9229 2146 12646 16276 13931 30176 16846 24056 7317 13784 25275 17336 14797 4586 13641 14192 15854 8509 19520 9297 18408 13106 13497 29044 21375 7754 20462 31581 20032 32597 31329 23506 28612 13532 15409 27614 12585 8912 32441 11297 32718 2676 874 32603 1870 649 6123 25400 11967 23481 17263 4957 9516 32069 26966 17076 6481 1522 7431 22260 30870 15665 8973 21108 20814 8335 23409 22578 13361 6492 4439 30238 12567 9887 27612 8620 19191 1850 31790 4762 32544 12377 9454 26622 15286 7201 22211 17300 24944 15510 24127 18246 11408 7885 16118 8444 8483 2643 22492 4261 22139 10461 19680 5255 15850 561 29127 10180 16576 22613 12875 16173 20872 12279 13173 28747 19582 4380 10807 28331 17236 19468 9037 19306 4134 20094 14421 8961 19387 21760 28205 9554 767 1193 14477 9203 18365 14594 24293 4794 30881 4658 15994 9866 23662 3945 9660 32349 27772 16783 17642 658 27253 25134 28649 26232 7504 23197 11617 30747 20878 1902 20249 10831 30900 17434 3989 1275 1033 2794 28910 26535 22162 13609 22769 19016 
4911 17621 11790 16210 3692 7008 15593 6547 12408 21265 11165 15968 22676 23408 17318 18710 3387 22367 14697 0 22611 5043 18702 2433 19510 9755 11381 14864 18018 7480 5691 2765 1943 22198 12535 31294 18815 2027 2375 32066 21753 30346 9149 19442 2723 26790 21255 3001 2471 26602 6750 4785 24775 13335 10290 16449 30123 191 13587 9974 3690 23105 21218 927 10583 19972 30777 15787 3855 12792 21528 27847 19135 10057 13778 8115 29882 13414 5431 24678 31547 4659 1794 12642 21880 2186 10629 89 19688 30200 21908 18945 18646 24245 8112 27445 18470 7909 30068 23373 30054 7182 25413 19391 281 4570 20021 26871 11840 22030 11832 14452 15658 12234 5259 20516 8317 7683 2657 25344 10372 10558 5072 24299 4284 7310 25339 6089 7066 16849 1921 15324 10399 32038 9766 3427 28830 25523 1216 7541 21580 10645 30308 1051 26889 808 29649 20909 12270 21881 27677 13679 8984 21000 6559 5484 1332 22979 26397 5010 8011 17215 12598 15374 22735 24633 28690 22762 21991 24140 5449 9958 2039 24309 10769 26516 23667 25285 31148 3255 30181 25573 21521 30941 6972 15311 13529 4410 18775 12363 23148 7368 4818 17320 6509 11421 14865 9277 30819 2445 
27958 25434 7434 25046 11084 32523 19546 16377 29412 3964 15771 31674 11101 21534 4556 21540 29028 10621 23445 22611 0 11709 14117 1059 28335 23650 31859 21188 20507 20233 21479 23953 2339 20758 17641 4586 634 19454 6606 30492 6196 3347 19988 14287 12329 25999 15327 5043 30089 20703 9395 1382 30140 3378 29044 10409 6781 21058 17819 11459 15671 4705 16827 24373 20382 29127 4404 6816 21905 24603 7989 9716 11312 65 3832 20442 23098 19043 21306 21092 26025 5186 249 19187 27280 27581 14706 21097 28468 28579 18266 400 12650 4790 19292 28105 26929 29953 5075 27130 15504 16219 31689 6066 24753 11579 27951 5278 9278 12479 25183 20529 24316 23800 720 21903 679 632 14104 5563 18701 10781 20520 32257 15214 23072 7619 26278 3858 20825 4159 9678 4908 9430 16768 21166 11247 27548 306 1267 5871 25788 16454 7282 29882 17305 30639 23826 21431 3704 26206 27383 14399 15178 17020 29424 24058 30390 14823 2850 11899 16746 24048 6133 10527 20387 22099 16704 14371 22266 30582 17329 12036 13937 6118 10880 28188 9406 16656 15700 26490 20696 5948 11893 258 8383 5327 21811 4038 31376 29890 150 26788 17354 26718 11848 16928 730 29754 12736 
9481 9085 14940 29435 30107 15281 17725 1052 10278 131 13994 28780 8371 24746 12815 16118 13870 21295 7902 5043 11709 0 13275 3119 11028 32678 8229 26909 27589 23422 10811 20328 17272 31101 26196 31777 30468 16626 25826 26512 3608 11930 22489 22763 34 9335 31294 16728 29057 9967 26100 31269 19692 17193 17347 16966 17698 6821 425 5904 2771 20507 31589 17461 17102 20885 16704 18176 2156 15312 26911 24786 2109 21199 5575 29916 32497 19393 8304 3358 10377 25622 4238 8864 27583 476 19931 1264 19892 22879 14504 31965 31192 21505 5221 1650 27166 13399 28782 15925 31585 13189 31513 23969 31249 5084 27389 25314 29475 25778 27269 16336 21816 29569 12725 11310 11788 9795 14907 30500 4129 15117 14778 29690 27821 10474 20051 24087 28097 7674 2421 20537 7355 22220 17639 10999 24814 19192 28178 1652 8848 27393 13204 2918 7652 27498 16642 20295 12969 22806 29949 4057 15299 29414 15736 27104 15144 1165 1609 26395 26125 16055 26094 32644 23890 18522 29857 27082 7723 1372 31135 22284 30480 20070 23221 30167 3303 5640 31244 22626 15472 14094 28215 6664 25585 26658 16506 24583 24867 4259 7516 4472 20316 31428 9072 25230 20990 7913 15456 3859 
8694 11917 22902 17246 28591 28363 24248 6879 1942 20256 15330 9775 9599 15643 1296 21127 17680 15322 3770 18702 14117 13275 0 2151 27750 9791 13435 23016 32052 17426 30884 6574 892 28263 7867 16631 29671 17469 26398 31837 9119 24913 3743 24747 29060 24201 18397 18911 16044 2723 27108 4225 21025 10015 4104 291 982 13674 9982 16952 19179 8269 9021 5146 2850 19861 23701 5974 15778 25604 19213 1339 20715 20855 8450 1699 23577 23897 32381 5377 349 21320 14804 4523 7096 4614 31109 32617 5115 2723 6991 2623 30972 31721 9362 18807 14107 30215 14313 26610 2804 29314 19462 7856 2918 3160 8142 11677 26309 9334 10165 16031 12123 32349 28763 24285 21285 8465 12904 31314 6859 2114 5029 1426 19425 29118 20828 16860 19037 21270 20465 18273 21848 17295 19393 16851 15113 26187 10043 2865 8191 8377 4670 4305 13727 10555 1714 11951 31710 14870 22122 27894 27199 29855 17976 19404 7184 16548 29266 2402 23520 13336 30693 3643 10821 20226 8183 27581 7116 6056 1922 6390 10817 25336 207 22961 21793 21816 10768 31673 11612 26351 30017 22124 10319 31250 7489 14467 22017 19315 17452 12320 22174 19558 14075 22810 11058 12470 4703 7557 
21736 5512 27933 5745 21742 18945 31065 7948 13421 15308 32345 24357 27673 32034 4230 30799 15047 9940 9598 2433 1059 3119 2151 0 24351 6452 2533 11383 11988 17770 23275 236 12955 26425 16956 25204 740 25303 27054 19177 7077 28477 25278 31908 20652 17638 10873 5458 21540 9162 3501 7700 31589 19610 14673 21723 11777 18749 818 11010 11020 8331 14048 13613 4267 20808 29399 2145 20961 12388 25074 16485 1686 1650 23820 11096 16872 2151 16633 22163 23222 1940 1189 30914 21098 29925 23434 30014 17927 4956 28760 29869 5491 30153 991 20188 11526 9163 31809 16861 7508 524 12374 12893 27959 22969 31583 28999 21024 6976 25839 17055 15007 14414 26902 8601 22321 12552 11472 32249 3401 12424 10925 28335 162 21660 9154 5554 7876 31930 24784 12573 22740 15431 4019 5513 30625 19465 18702 3498 13804 5866 2612 23341 3319 15856 12122 21713 24401 12153 14843 24004 28128 11707 28555 12864 17200 24699 7264 17766 252 19981 1758 11355 15354 22413 24290 21153 20971 5212 13681 29624 26083 10461 18593 5621 28373 29809 12231 674 1123 12977 13283 30551 21988 27627 24649 3224 30646 20704 6033 3505 29382 23995 14529 15822 16989 24661 8377 18014 
31272 24566 11937 16780 20083 20347 11037 14905 11340 10124 29270 2442 5542 4831 12920 23054 11162 3000 9229 19510 28335 11028 27750 24351 0 1093 24664 17576 28311 8539 18049 18609 25385 20544 18826 32439 17775 24775 27425 14871 28467 20339 24321 29117 21440 10564 12078 30606 7235 27072 16243 14361 2401 32581 19481 20090 22042 24974 16361 30862 6110 26243 32100 14174 22510 16710 30530 10181 25077 22395 13353 24420 998 22744 6575 22984 15128 17645 6802 16858 2721 19253 9270 9096 30448 12638 26464 20913 25262 11221 22577 3158 18646 21653 358 13055 4115 11313 1743 3947 29530 20767 29453 1148 15304 22855 11408 11618 18366 31181 11728 14599 6971 26907 23755 3515 30074 10034 7616 288 10188 6194 32042 12376 10679 7464 3327 17517 9808 5912 20778 12033 32470 74 22342 11064 32400 2009 21918 3810 15337 23418 28002 14317 25289 2953 27690 8714 25655 13658 10416 28830 18220 24511 22218 30956 5818 13781 28327 6273 10590 3091 843 25568 15778 23445 9293 31086 10231 8102 9935 1184 3537 16780 29118 15716 27140 32408 10571 28621 22111 29806 21930 22531 22151 16273 24842 24170 8214 22579 2261 17 7156 6459 7722 28510 7413 7575 12695 14584 
30389 6384 5978 11706 13041 4790 3034 25350 12774 13195 24961 1505 31021 31857 8153 8182 19154 18969 2146 9755 23650 32678 9791 6452 1093 0 28446 4196 24084 31245 7088 18899 13677 19490 5727 30124 28157 8235 7313 5897 20825 23629 6789 20308 31118 30267 11934 26636 27655 2317 3823 17341 25793 30817 32008 21049 7603 23728 13311 25628 7799 13555 31938 31103 24638 6518 21660 26620 20979 27644 20998 29667 2222 16660 13232 14522 10332 32443 17871 31995 20653 27699 2472 19721 6718 12067 19294 31091 28679 29169 4601 21614 20743 12124 5559 19085 17966 24412 10391 12995 6284 318 15652 29083 5048 16124 30590 19382 24707 9691 29871 902 17374 12360 13356 7753 19976 7412 20394 27720 17916 20269 27939 12370 23835 13440 5928 627 30486 27533 26474 18938 4638 10282 12163 27306 6991 4284 3082 320 15193 4306 3543 19237 26481 23811 26003 5493 17016 9225 15747 20272 6763 10526 11670 6847 3594 17303 30125 31403 9932 32704 27178 30105 29442 23799 16060 19849 27723 25868 7018 9807 13880 6360 10206 14162 320 28188 30964 25732 7655 23196 3202 23203 3114 10364 16233 2734 4910 4058 27101 8363 11561 20909 3569 20887 21393 20446 17511 7342 
32410 28078 8363 21692 10334 6440 4646 22980 27923 11996 2000 11703 18092 17668 29384 8644 5094 2162 12646 11381 31859 8229 13435 2533 24664 28446 0 25716 15677 17683 9917 2635 31179 24391 7955 957 10163 8982 13144 4085 9575 2813 18560 30749 2293 8149 3602 25131 32581 10053 32133 28142 6802 10856 11995 18521 11308 8379 15996 8463 1388 19274 16469 11824 15352 3099 31793 10850 19769 17882 28504 31011 15642 4038 20326 23886 3075 18908 2670 28140 8213 23875 79 13629 32167 13559 29014 9734 27392 15033 24085 21277 23383 25655 21634 5426 15625 7288 26196 2785 1818 5514 17563 7925 8686 20079 15519 254 1864 22853 4603 15382 13700 11701 29177 22512 21009 5022 31792 12323 5938 29187 7260 28085 26870 3634 12669 20203 11636 1845 15924 10575 17484 6526 7770 20995 14683 30415 32226 22597 3774 15976 3313 15939 14858 24948 11579 7200 12489 32693 5281 22855 8248 2159 8457 26608 11328 11155 22909 12017 20915 26412 22663 3527 18376 15631 7116 9956 31961 23742 29927 23610 2651 19869 6024 10760 15390 25945 206 19429 1735 5781 13282 22539 2443 25558 2004 15590 30510 690 698 19676 572 31540 32263 17502 10374 20371 4137 30256 
4246 11390 255 11327 3046 30125 22354 27110 3670 17518 20510 6807 19517 14091 7825 15009 20287 29927 16276 14864 21188 26909 23016 11383 17576 4196 25716 0 10516 21663 11895 21953 1638 20073 12559 15914 5283 20739 18543 2139 18154 9767 2219 4230 28287 13685 796 7542 3358 10543 14416 14705 22910 2609 2610 10317 8745 28468 31349 14033 31355 6980 16711 24399 24056 10111 2099 32639 13779 5136 21847 7070 27836 23659 29383 27335 31978 27339 24129 10385 9320 1769 3347 26602 11172 7166 4169 25395 27190 29179 25883 1437 30190 13831 32150 10692 10274 28218 19850 18826 25909 13465 26548 6965 21099 21842 30508 22476 26092 11322 8465 9903 32023 23939 6772 27253 25865 17858 32386 27403 365 15649 12534 6410 32134 2528 22718 26200 13179 7698 16108 28675 13794 31894 7647 30043 10128 24916 11443 22606 19871 2234 29414 8968 1985 12919 12364 20171 6852 15222 25910 18444 31078 27421 18142 27599 30555 20423 11285 31300 4764 18047 15921 15011 16114 2559 31281 19525 24514 25833 20018 24836 23579 25413 24343 23764 30974 7995 17012 5795 26094 1298 14523 13934 10168 10856 13227 27812 19844 5299 13557 32447 7196 2809 20784 25889 7035 20172 25344 30253 
24511 31671 31626 26891 24839 24903 27356 9808 17865 8848 2196 6065 17486 6213 6119 19355 26915 13648 13931 18018 20507 27589 32052 11988 28311 24084 15677 10516 0 17488 663 884 29157 4226 18882 26808 8971 30048 11479 32345 8654 10796 26314 18611 14 12663 9148 2383 24397 23278 23352 9299 4876 24422 10668 11815 10345 17194 17707 28008 3830 27268 26978 23826 24284 3210 22232 31465 30769 28716 16746 28201 30615 8059 18951 21103 15381 32059 24488 13031 31290 26796 9106 439 6256 23445 11472 6060 20638 11922 18155 2083 21250 28575 2029 21818 26189 30436 22933 20535 16640 9668 20956 12857 6150 31777 30376 14622 7827 28658 18640 21685 29500 13064 12880 12325 13912 21276 13261 9117 17814 24604 27980 23101 22752 1208 24111 14404 31855 15656 30833 19835 9263 6208 25379 24545 21589 11959 2087 23193 6975 15539 18731 11537 22668 2457 30696 26228 3452 2579 28061 6482 12938 26723 24006 21390 20040 24295 16418 13960 18810 4333 28132 31627 15478 19897 20024 28793 12732 27092 11770 14518 6609 6807 7858 24147 27745 32760 30932 32636 12949 18580 23862 9251 30385 7165 20945 2029 21746 14149 21948 25694 10663 26572 2150 1857 6286 20551 16403 16730 
20772 2229 27543 25629 7479 14163 20593 26547 28491 20698 25047 29143 3359 23769 16039 17724 4272 10028 30176 7480 20233 23422 17426 17770 8539 31245 17683 21663 17488 0 21118 26119 24611 16427 23267 1149 19928 18252 17606 9405 18824 31742 14779 12003 19592 27196 21713 23682 15935 30639 983 14431 32027 16262 27374 9577 14260 7059 30293 2300 25150 5799 1649 29783 21557 17456 25115 26971 23108 14608 23342 5766 18550 8640 20816 9776 22689 12709 32513 32004 24848 26546 15586 962 12143 25664 10055 22580 5116 19499 20992 365 26859 29997 30308 841 8730 22399 18335 27938 12535 174 22845 16336 18607 955 17399 18148 20120 8823 29885 16677 736 11293 20996 29770 11639 19760 9042 2042 23354 19607 26376 17410 30562 29176 623 3541 19756 4434 30726 16714 15818 30686 4106 16529 13961 13863 8007 22390 13124 872 22558 19930 22793 13862 20951 17775 29962 3599 12840 16052 27591 19218 9478 24880 25721 19902 3756 25331 15554 15584 9193 11082 4243 27737 21679 3266 25182 317 13528 12896 12157 3890 20283 7198 31969 11015 3824 18089 10240 11923 10977 23130 2041 10705 16273 32114 11017 15674 816 9626 15411 22882 16352 1179 23851 8150 65 27738 
7488 30392 20060 2555 873 30317 4838 25244 13069 13871 30164 10355 5599 28662 9231 1116 25242 11165 16846 5691 21479 10811 30884 23275 18049 7088 9917 11895 663 21118 0 26487 5413 8705 72 9231 2648 30761 23802 26280 1303 4501 23915 22363 19611 20287 4647 3807 1751 16928 29803 1881 19896 1947 27522 30565 21410 7721 18277 17253 13096 32326 27795 28938 17930 924 11565 18721 8053 29294 2902 5023 1398 9543 24778 6640 1471 12004 10173 23420 415 31839 24823 8314 19772 17309 21293 22265 15891 18938 8098 26157 17585 20275 26623 25591 28083 10388 367 22712 26108 22628 28927 32087 24119 11661 11572 8080 27021 14224 24814 6271 13223 6824 11133 365 10726 4156 6657 4826 29665 8075 22023 22988 22304 23188 17761 12119 25112 11075 5958 7789 31335 31970 31404 9191 10833 19903 31202 29908 18811 29978 14193 14081 23782 10578 2100 22474 18991 4689 9909 27936 14853 29748 31691 19675 17900 15935 14450 17985 19760 2560 15595 10711 3373 22210 2325 2920 22717 3381 12810 27219 2818 5980 6398 11290 4438 6327 24404 5416 10383 4786 21506 11234 10616 334 22054 12785 140 15373 26857 8142 11509 10019 29845 20111 25285 219 28914 15345 
17251 872 26899 32080 3467 24564 24987 11126 29985 10076 5163 28587 12817 31781 31302 31290 7428 22437 24056 2765 23953 20328 6574 236 18609 18899 2635 21953 884 26119 26487 0 281 29180 1646 23846 8531 1697 9739 22290 26210 412 12157 30540 8466 28974 3092 25434 2806 7324 18443 7551 30391 7917 29290 9110 21148 6373 7484 19243 10586 5698 18930 5851 3358 565 19991 238 6360 18212 31798 30515 29641 30112 7432 1051 848 3745 1250 24857 14066 19721 20829 28217 6824 2648 6984 19199 7021 6827 10443 3202 10760 15355 27613 19657 10262 29845 22761 3942 19292 31957 25019 14161 25419 4135 8369 2568 11476 16703 32 31716 8302 11672 27140 16829 26213 11307 19436 25538 23909 21362 31524 19858 24391 29340 17701 6048 12316 23058 14394 1477 17271 3882 28788 30503 17407 18218 29904 17225 2357 17793 28839 16499 26499 31041 21847 28485 1669 30176 12335 1943 10652 9008 16544 25236 5808 16540 6818 32278 1862 6053 24932 5444 20418 31132 26168 2666 10494 25761 14270 7705 18444 27613 27983 12159 12360 16124 15021 520 27553 27885 6122 17463 5417 15838 2453 21439 25051 16498 21804 31461 5036 26181 11710 8986 725 19363 9439 14548 
12405 23071 18542 15558 24162 2133 32279 8753 17711 4095 12066 16948 10753 30785 630 13094 26779 4448 7317 1943 2339 17272 892 12955 25385 13677 31179 1638 29157 24611 5413 281 0 2502 20202 22830 11616 31038 16573 8960 16905 26961 2517 3103 22024 23469 23915 5350 31316 19441 28423 9340 5539 20345 696 7236 3278 28520 7316 13189 28776 26871 27506 26458 27545 16381 19175 2780 28736 20415 30847 17294 23625 17914 22589 32265 5196 13358 25685 9961 20327 9005 9257 13304 4189 21732 18050 18841 2032 8296 15120 2168 23675 5189 26404 20335 4820 19203 20908 32188 5217 7674 25199 353 3705 8791 4235 15835 9982 7279 7212 5895 16952 21827 12175 11346 22004 32340 822 4128 1501 4009 24941 1919 1306 19486 9470 7692 31018 22512 3889 6693 23036 3462 4358 7505 2898 31873 25526 31981 11096 16135 3176 7961 21120 4428 10032 26594 16544 22370 5454 688 13135 32066 27301 5106 24957 23835 13945 7944 22609 6107 877 11377 13640 3067 10940 31799 31115 22159 22200 20631 29329 2702 20608 7413 29686 2655 29958 9471 24218 12197 27969 22561 12541 11596 1454 29993 7387 22484 16653 16955 24067 16348 602 25847 20093 19186 27145 9961 
20413 20548 20381 31160 16932 5912 17992 17538 9382 14641 19546 4472 13183 29105 8441 4470 20783 31203 13784 22198 20758 31101 28263 26425 20544 19490 24391 20073 4226 16427 8705 29180 2502 0 27363 25376 13035 969 20005 26789 15918 27717 12631 28065 20162 8638 27963 24120 14519 32008 7853 31522 27605 19135 26091 20330 27269 27946 18468 19813 12544 19279 24388 12022 22711 18775 17407 29952 1026 17956 24091 8748 24077 23088 1794 3293 15104 21417 10889 25712 9325 11211 20986 17849 24063 29053 17768 31418 11873 25903 12084 16806 30828 16883 28123 14102 28821 28634 3 16267 31382 7058 14022 3108 31579 28478 6717 5792 11056 26773 11343 12439 13353 2109 30140 501 10450 22122 2405 4792 7960 30899 27103 15338 31606 21813 32056 7138 14436 32491 31496 27063 13821 26444 187 17413 24049 4390 14366 22244 10154 16570 15400 29989 18626 25881 10250 207 7588 14014 31866 16090 5761 18285 18236 29227 13431 32587 14578 22992 25341 17215 5414 28285 14737 16520 10389 31558 29093 6560 12733 28063 7367 28752 26538 30865 26384 2324 2813 26431 29135 946 11582 15001 4726 25877 6756 28255 453 28272 4258 345 18230 32144 12916 7380 27817 29313 24298 30561 
32331 13295 8558 27997 19773 8132 23082 15289 12470 24820 19981 19190 3723 16394 30024 32017 8474 11520 25275 12535 17641 26196 7867 16956 18826 5727 7955 12559 18882 23267 72 1646 20202 27363 0 12121 3877 18353 4069 22685 13156 20704 24225 12120 20914 7052 11966 26512 6412 31277 17245 7307 3660 8409 13937 24476 22375 12210 1051 20781 13795 21902 11082 28685 19612 22248 8083 2811 3256 1288 2126 115 26088 29038 2291 14521 5601 27012 3764 1571 13082 1668 24411 22444 20167 23976 25958 27062 18965 7313 30048 24863 15016 7673 2178 31879 31315 17052 10379 18400 15895 6756 2269 32311 20575 10709 2265 1474 19065 22456 7037 12842 26968 20235 20539 14619 22921 24872 31004 1289 5747 13365 10774 21061 14547 18892 3498 16960 20599 10732 19138 20767 9530 15903 30665 22912 31553 10476 22284 4747 13940 9600 22609 13373 31039 15257 7094 11760 6794 21427 29132 6958 3831 30582 5363 25272 8539 19039 6136 11218 5760 1710 17902 5585 6169 2704 28490 24039 773 16781 24643 24365 29896 30260 31848 6386 13383 22534 15234 10052 20932 16800 941 22973 6682 2860 7345 21647 14650 29962 14503 26578 10213 30395 19913 2317 16555 32271 15769 6915 
