20 0 0 0 0 0 0 0 0 0 0 0 0 0 0 0 0 0 0 0 
0 6060 24492 3718 976 11992 3602 4717 2008 26489 27600 27960 19854 1578 22887 9289 19791 2515 25257 30070 
6060 0 31115 5696 30020 243 17757 16548 14226 10781 30100 18464 3513 4658 18141 14714 15699 31718 16626 6431 
24492 31115 0 2086 4607 11375 9720 24168 11942 6535 22973 15394 22805 6805 27770 25644 29801 26921 1384 20339 
3718 5696 2086 0 32572 3081 17380 4564 4689 26041 30992 26848 9242 9578 11993 15669 12148 22871 29765 20863 
976 30020 4607 32572 0 12477 29013 32670 14732 12420 1826 17288 2476 23715 5765 7913 15457 6554 9316 371 
11992 243 11375 3081 12477 0 16408 21379 1623 1520 27265 24413 23367 9407 14804 2770 32412 15451 18835 8124 
3602 17757 9720 17380 29013 16408 0 8119 27893 22638 25232 23844 7411 25671 19679 19902 21331 10154 30294 2340 
4717 16548 24168 4564 32670 21379 8119 0 21704 19487 29450 12778 15396 31370 14595 1009 16297 12405 9289 21520 
2008 14226 11942 4689 14732 1623 27893 21704 0 17727 31260 17277 23265 9183 28732 27552 17705 9628 8742 8724 
26489 10781 6535 26041 12420 1520 22638 19487 17727 0 5145 12419 20203 25460 21845 16427 30545 2177 25633 7973 
27600 30100 22973 30992 1826 27265 25232 29450 31260 5145 0 20452 29305 12845 19629 24690 29266 1525 13165 22599 
27960 18464 15394 26848 17288 24413 23844 12778 17277 12419 20452 0 30589 7431 24049 9176 146 5023 28163 10957 
19854 3513 22805 9242 2476 23367 7411 15396 23265 20203 29305 30589 0 6426 17071 13092 31990 12096 19519 19625 
1578 4658 6805 9578 23715 9407 25671 31370 9183 25460 12845 7431 6426 0 3977 26171 25490 19058 12607 8506 
22887 18141 27770 11993 5765 14804 19679 14595 28732 21845 19629 24049 17071 3977 0 8631 26838 15052 17939 8653 
9289 14714 25644 15669 7913 2770 19902 1009 27552 16427 24690 9176 13092 26171 8631 0 2165 16222 13130 24371 
19791 15699 29801 12148 15457 32412 21331 16297 17705 30545 29266 146 31990 25490 26838 2165 0 7799 17146 31699 
2515 31718 26921 22871 6554 15451 10154 12405 9628 2177 1525 5023 12096 19058 15052 16222 7799 0 16031 12520 
25257 16626 1384 29765 9316 18835 30294 9289 8742 25633 13165 28163 19519 12607 17939 13130 17146 16031 0 5241 
30070 6431 20339 20863 371 8124 2340 21520 8724 7973 22599 10957 19625 8506 8653 24371 31699 12520 5241 0 
