200 0 0 0 0 0 0 0 0 0 0 0 0 0 0 0 0 0 0 0 0 0 0 0 0 0 0 0 0 0 0 0 0 0 0 0 0 0 0 0 0 0 0 0 0 0 0 0 0 0 0 0 0 0 0 0 0 0 0 0 0 0 0 0 0 0 0 0 0 0 0 0 0 0 0 0 0 0 0 0 0 0 0 0 0 0 0 0 0 0 0 0 0 0 0 0 0 0 0 0 0 0 0 0 0 0 0 0 0 0 0 0 0 0 0 0 0 0 0 0 0 0 0 0 0 0 0 0 0 0 0 0 0 0 0 0 0 0 0 0 0 0 0 0 0 0 0 0 0 0 0 0 0 0 0 0 0 0 0 0 0 0 0 0 0 0 0 0 0 0 0 0 0 0 0 0 0 0 0 0 0 0 0 0 0 0 0 0 0 0 0 0 0 0 0 0 0 0 0 0 
0 8720 13665 15037 24276 315 1507 5067 16700 7030 3018 7031 744 2222 22189 18002 5861 3935 5800 19565 5510 27647 2232 5984 4070 8362 10323 22165 24221 6415 25159 9689 18374 11931 17622 29221 6194 22756 26895 2218 3046 5721 4462 31771 8667 22824 14775 19520 14069 1135 5135 31672 1093 17831 12125 13 23675 22093 17120 14334 17583 29139 23314 21513 17490 3015 25532 23863 2158 4674 19290 17965 13862 18579 15282 12912 2154 1580 9135 24567 5369 26061 3715 24311 21661 12528 1022 1003 19107 4981 28201 16355 26521 25487 16422 19215 844 2541 23116 19851 2561 22061 26494 29292 14579 19326 12236 4363 1549 12692 7246 22674 3817 30162 26685 10693 11017 10419 15187 2834 32085 9081 10596 25308 8405 8729 21309 25603 19631 23910 9405 22712 2916 29053 27698 14208 24903 7281 18167 11911 32318 8503 8011 4391 22205 23252 14196 21432 16384 19398 32276 409 27528 13745 10187 22912 24025 1354 18958 31743 15474 7816 29511 22615 3853 21770 31791 17281 20504 7363 3688 25978 26739 16109 7262 26830 29292 7981 18016 6248 24569 23811 26874 22425 24629 23924 20629 8295 8222 2299 20050 29720 17036 18861 10787 27135 11124 5548 11820 18566 
8720 0 14549 7604 29428 929 1433 11149 28358 19228 22665 104 20471 27440 6599 23099 1236 22170 27889 28042 16594 22312 23554 19259 29202 20149 12935 21437 17717 31589 21767 29530 9059 6947 8365 9177 22166 2648 7991 28503 16427 14829 6948 28775 19884 6276 24601 2921 6103 19186 13204 23848 22515 20481 20948 6840 8020 27492 31496 24206 32044 29690 23736 7905 32405 24903 25457 18752 13532 13360 16564 16244 11791 5879 12576 12696 3018 20599 20191 4471 9279 26273 31823 6950 22916 3126 13042 12003 4896 13766 17047 30765 1496 29161 19657 7716 13751 24765 2169 31011 24157 26273 6632 2459 11658 30256 2775 11315 31722 3457 12018 18206 28707 17053 122 27836 14364 31552 16690 12148 17551 11221 27532 8913 13010 14764 16404 17883 20707 23678 31517 21177 26546 6947 32427 12165 14259 16274 31904 31854 21412 24089 27947 31508 17819 19423 23917 19232 10836 8343 25197 14372 11961 8071 15423 5298 7090 9145 30064 24255 23599 27519 2741 10554 10611 24365 26325 1768 18851 12051 16083 29315 3215 25785 6752 28691 29376 17247 5248 25484 10947 5043 8316 22697 20661 14037 24328 14345 7183 7305 20405 9607 26547 30907 27290 991 16439 21561 28222 22910 
13665 14549 0 15033 12351 25244 20528 29411 18282 12396 7995 379 6387 956 16265 6541 17310 29128 27256 18309 30659 24468 32575 12183 18087 12033 8556 9327 18205 25105 25243 25114 19294 8310 21369 31028 9253 19297 6136 13907 11535 2954 23252 4531 7730 1403 15431 29476 24315 8226 6152 22064 22093 2454 16010 6801 29656 26152 32115 3283 28343 21934 4954 29509 30029 15117 27334 11045 19041 29189 14436 8716 2936 24384 22663 14232 7284 1693 2021 21337 29803 5050 21392 15102 18377 193 23604 29888 19368 18292 18576 16910 3695 18555 822 32379 8619 21741 8071 28389 4394 1566 490 19687 25438 20392 10060 6785 7921 30651 10205 2565 4516 25001 20744 1605 21613 22190 29364 9980 18641 14589 15290 7546 2943 19728 16807 26004 6190 1329 4020 18122 6841 31556 22786 29114 10616 1239 10778 17861 25825 3437 13733 2817 14432 8967 6248 11359 14452 24820 12419 15901 23050 9434 25579 23662 32542 14853 29221 11879 5264 26351 11588 6446 15685 2320 13862 28510 18047 10984 6123 10430 24957 16458 24246 28195 24150 29931 1448 1442 25619 14635 22553 27387 25100 31012 8729 8258 13957 10736 19495 718 18057 6463 15921 12391 774 11033 9676 18604 
15037 7604 15033 0 5134 11161 24177 28162 21350 8489 14470 10368 18489 19537 20031 20833 6442 25873 18162 1426 5413 13574 19817 5029 13637 16452 9325 26568 7942 2930 6550 2819 29355 15144 16978 4530 29170 2181 12084 5443 19190 18197 382 5424 4965 30690 3826 23359 16355 9688 32725 16122 9150 1887 4932 25705 17620 8499 30140 21015 4033 26247 21988 31300 14413 4698 9118 4968 21014 13849 9550 23528 28025 14710 20329 9500 17606 18312 2625 16769 17829 25892 21008 12859 707 11387 23875 12239 22978 27125 13577 27166 22879 5709 27676 7076 13285 27117 24526 19443 18898 1420 12119 23915 6344 27654 21854 16956 6838 18812 4039 29854 24904 17325 444 3662 31116 20371 15358 6988 25575 18497 5997 980 11319 17148 3541 10651 28233 23705 31995 5196 21118 31767 32745 18754 20153 18044 19062 10887 14220 16373 13081 30989 28068 22057 22256 22059 13170 20446 1036 24667 30490 24015 22015 18227 7329 18637 12455 29345 5203 30996 1341 6507 18802 21232 3481 25318 13606 9361 27081 28662 8608 8491 19410 26439 27025 9554 7621 24778 16331 16532 19973 19571 19253 16472 11735 12337 8949 14327 3628 22829 30425 16920 1707 23624 28679 30545 4866 463 
24276 29428 12351 5134 0 5512 18448 21107 170 13461 2031 18147 2982 1172 31386 21435 8119 13933 28610 7070 28750 17213 19895 16711 19269 25014 972 5021 16989 9171 25068 32762 28661 2241 4477 14007 13069 3850 11126 11772 32379 4867 10172 28359 5996 1400 8641 22587 24350 18070 11871 17706 988 12569 16114 16358 13627 8631 19894 12356 14227 1741 20320 12273 29376 17480 9727 28922 22554 30678 4373 25238 15283 26958 22257 55 31952 13149 9039 30417 6570 28786 22324 3178 2662 30700 17923 30178 32595 30594 7140 1796 24163 29938 26967 26829 7148 1006 4115 16892 19103 15429 3365 32219 32457 15438 23622 7500 24778 17305 28797 15895 2771 12761 32246 17523 3556 30220 4385 21204 14854 14829 12047 31732 1477 21916 31497 23332 12528 22412 7538 32468 32404 11437 26591 20832 8759 13531 29300 27678 15442 20358 11906 165 529 11427 10847 17504 27726 28114 645 2643 2507 25553 15342 30509 20656 29730 943 31630 2885 29432 4051 154 15345 32103 7546 29375 5235 8141 18482 5828 23647 21627 13974 21778 25308 9896 22566 26439 22428 1431 12390 5112 10012 5127 27449 25798 13853 32732 13951 676 6243 11788 7406 9320 7854 18124 24110 15248 
315 929 25244 11161 5512 0 29376 2084 3173 12881 23944 15057 15828 3001 8896 28060 32688 5023 16969 3156 5911 7397 5406 17264 12010 31392 26169 11246 19289 22287 23493 9329 27570 11742 31878 5018 18027 17820 23942 4007 19310 17529 17409 10059 22693 15429 18322 18381 19654 18855 16543 31844 25696 8858 3843 721 3365 12333 1274 28990 7034 3964 594 26967 3646 5610 3024 5287 19671 13472 27360 26165 2947 22347 8577 23903 16860 6673 15983 17910 24493 29397 23954 12699 11253 10669 24744 9818 31289 15520 11311 16005 8718 2725 29845 13778 25830 25048 26530 8120 11803 19711 15910 17158 22842 15421 479 22214 27282 25877 5038 7249 26109 30114 15867 4787 12270 30485 24421 16194 9403 31600 31150 18298 21036 29313 12518 22555 32581 16930 1750 5509 28240 32175 24240 4435 1326 22728 5365 311 18399 12616 14247 13078 20815 19590 10928 31332 13924 9163 17554 4801 32581 23572 12112 13269 8941 17673 6557 21097 12529 31550 1091 19143 5517 2473 14294 28755 9205 9827 11930 15978 21210 26276 32434 9851 22331 1529 4234 14181 2414 7367 11655 6672 16495 25093 13038 8014 3945 21558 29970 23284 4482 26021 7873 2101 12267 2021 6384 13118 
1507 1433 20528 24177 18448 29376 0 20658 22796 5712 4147 5496 8538 29871 16029 8661 10584 20322 3267 30547 17248 13105 3047 4731 29053 338 20553 22336 15054 23152 26009 30124 30233 8188 28349 4809 17838 30649 19652 16849 16511 32130 26922 6554 1149 3934 32590 29244 11830 24519 306 5893 29100 14903 29554 30879 20600 9716 23687 11135 10528 21277 9020 16017 7093 32244 30833 13858 32689 13422 10256 14095 26383 10746 27981 11820 27308 1422 9762 32758 15326 22008 521 3197 14163 6243 2044 5004 29996 32039 4011 17691 4698 22230 2557 2551 12088 24452 13514 20655 24426 16471 5591 27330 1781 1871 22802 17927 24736 30551 28174 3677 10634 24204 194 916 11788 24269 10622 3995 13266 21636 28719 26860 32053 18356 32468 19764 25051 4931 8000 8263 14481 11913 24594 31555 3688 17690 31986 30723 26383 2256 26125 17608 625 27164 723 19490 25488 8846 3056 32037 5280 15779 6281 32713 25703 3022 15033 24994 6357 11210 18251 1730 21215 5663 9401 27371 8097 22258 15716 32505 29363 25106 28950 11918 1484 11584 8630 23040 22934 31934 14154 20608 21456 3611 14130 5772 13995 3389 19107 1176 27998 32688 20578 2552 27147 4655 21955 8208 
5067 11149 29411 28162 21107 2084 20658 0 25664 815 8446 14111 31301 21515 6732 4487 8786 3203 11351 15837 16456 13807 3777 181 1519 23904 25922 24936 25315 642 21042 11273 5307 17330 1879 9894 9084 859 16620 21953 22078 662 22259 27661 27676 11522 20668 16749 9569 4577 9909 27947 26865 18036 7797 24437 4598 11672 27908 5662 12748 24738 2924 18578 21039 13687 27013 10010 931 7664 27389 2386 17444 23661 23207 10216 2574 18871 16390 15767 32591 10268 17178 11108 14540 16326 2665 31767 30225 16475 16209 25340 13629 9179 9357 4571 10029 3766 27397 566 20455 26925 12507 3522 24394 11755 22195 29224 3572 10723 5955 7165 2675 10604 3355 21759 17072 20124 4790 12690 5528 3298 10434 22907 14605 1511 20140 2012 24589 17318 31087 24176 27937 3018 5278 26631 15624 18504 14767 26180 21924 16701 2442 18070 1317 9226 21587 23158 15733 5038 31604 12000 14307 15971 14830 7955 11540 13437 16097 32396 11559 31871 18010 30272 25639 8319 7261 28954 22198 12476 13874 13238 25335 30589 19956 31580 4541 23085 11352 16447 1011 9140 3258 30455 2123 13336 18286 27964 9514 20821 11846 7652 8915 5498 18271 6176 25042 13829 21040 22003 
16700 28358 18282 21350 170 3173 22796 25664 0 8365 27308 32383 20475 26353 29910 10123 7554 1173 16646 22236 22846 3716 9729 20511 1542 2933 22351 9154 1595 5979 23959 6391 6978 20237 5181 32262 8258 20534 26681 19160 23583 22911 21563 16832 1719 22267 22013 31372 23900 26324 22760 973 25234 8756 20970 1636 9483 13942 2199 5965 10719 6797 18815 9135 22032 27828 32207 8996 29502 17496 25643 31814 11175 1091 26314 18299 6498 30987 19156 23554 17628 20410 13561 21310 11924 12478 16210 28226 16403 2836 7292 2462 16431 23472 1011 2920 9856 32048 25516 30606 27171 19393 4855 5723 10158 10578 660 22856 14964 11768 9747 27141 9466 4257 4721 4039 25786 5116 3568 22227 3351 936 3383 9804 17825 3484 22955 12346 1930 984 23821 26587 13928 21066 20053 27183 28717 13570 15310 1214 12388 31386 11891 18092 8878 24287 25225 18431 16509 18885 20861 4911 5647 32395 2303 23792 19118 1834 2912 30268 18470 26627 13610 9380 7559 26569 25598 19673 31004 30637 23218 7029 21932 1992 7851 6159 14064 21454 19063 20095 4437 29681 4527 31342 14579 15891 29197 24865 29645 17200 19913 17799 2891 29963 27449 8833 30966 16408 5545 6001 
7030 19228 12396 8489 13461 12881 5712 815 8365 0 30243 8147 11431 23614 27170 22435 25037 19435 5988 31870 24704 3402 16524 20233 6059 16995 12015 27313 3230 1680 14727 14219 19606 23417 15389 10606 11409 22861 19122 2131 17233 32322 11567 15853 18862 14672 28493 25732 19745 3113 4295 4887 24718 24700 8639 8882 14161 27756 22382 26893 22156 16971 25871 9319 18607 26524 9486 5281 32585 3912 24173 32158 20238 21279 12919 3801 12841 2194 32424 27720 15556 3247 16092 21618 28629 9054 15287 8140 22059 17883 4437 5465 6073 31859 23091 20609 28450 8067 2652 13361 11654 7086 18136 10036 14475 5470 17747 5586 11951 1917 10 29863 7629 14709 18939 16581 30702 10342 3916 14606 12882 16295 19964 19659 15038 31872 4809 31633 12040 22821 1633 8790 737 6902 22221 29135 32738 24566 2331 2573 19417 1929 32587 30552 24917 21107 15995 3146 9840 22029 16726 21808 3549 7881 25275 8349 28211 7657 11434 22864 31608 15996 6004 11593 3825 15770 1315 15910 10536 8672 1319 22212 23103 28206 11330 25107 31860 27552 3254 7993 27893 9931 6830 20202 12005 31802 2282 22023 9391 20520 27055 4470 19339 19838 8173 22337 9551 18448 27826 24818 
3018 22665 7995 14470 2031 23944 4147 8446 27308 30243 0 8237 16298 28557 21108 19619 31435 28022 19189 22120 4285 13975 20729 6277 3695 581 7339 6816 7845 28901 5709 11115 25936 13551 8376 4940 28720 29252 12055 11086 30888 16305 479 25673 29410 30404 10003 2637 9764 15823 6583 20564 19057 30778 7313 28713 26467 2318 11303 27283 28744 5055 9206 13254 22908 10041 29423 22540 8967 32558 31544 25775 5239 18335 31009 8490 9727 3752 3428 25744 21200 20624 18082 4925 20664 18962 17946 4284 26874 31974 23468 12792 28269 4755 13582 31655 3288 2424 31821 14579 28044 22552 391 13931 27972 29350 19430 11561 24377 24274 11745 10821 6538 16851 14511 32377 18123 5300 11020 534 14571 27363 14128 14632 14667 30456 15372 9189 4636 14787 19912 18267 19706 1946 10618 14937 25287 20448 28712 17054 22729 21209 17664 20034 1799 12717 10966 21858 993 1211 15583 28687 28910 25632 7852 11385 9499 3719 16234 29015 28673 6707 19544 30874 29318 23627 28298 11859 18616 29285 12253 32738 230 6742 9018 26464 7169 17464 11279 16207 4914 2749 266 10880 7868 32179 17944 7236 14867 27352 22942 19671 8510 4320 12535 9738 17258 26820 24622 29744 
7031 104 379 10368 18147 15057 5496 14111 32383 8147 8237 0 1086 9321 31758 2750 10211 20383 28785 21030 14509 19527 15544 88 17082 23565 15316 12431 21937 1658 11626 8680 25259 19919 18018 20318 23135 16671 24493 23299 22414 10155 12119 10369 25006 16771 14285 17105 5081 22874 22896 26938 13304 9129 12891 24461 1580 9992 14449 23967 26750 10697 14762 14855 712 24790 11935 11289 5859 23501 2900 16675 15634 27226 31302 24807 6318 30420 11700 32089 20755 4635 13106 18842 23242 11441 30060 5173 23800 14615 22583 8345 16135 13163 6878 7126 10900 19007 27819 2204 3481 9404 24501 15985 26843 504 9705 22579 30358 11668 17499 11726 30055 1434 10446 13630 9082 3478 19842 26312 13813 19187 22334 116 22692 26264 22942 17615 486 20419 11678 4319 9944 23589 1639 25959 7105 8511 12377 16220 11454 764 9817 23464 15022 13200 26973 16926 26720 8336 17974 13245 9211 2387 30109 22570 6317 14984 17024 18024 21656 11032 8847 17626 12026 30271 27906 23675 15004 28390 7085 7004 20606 18499 16967 8798 32448 4020 10230 23089 26579 29656 12063 27534 24033 5359 30573 22193 18042 23156 26143 17946 4737 2553 150 30852 22102 6978 17695 24102 
744 20471 6387 18489 2982 15828 8538 31301 20475 11431 16298 1086 0 8232 26110 12872 31567 3189 21218 17580 14040 3875 10965 30527 18694 27674 4787 8640 4886 4784 8760 17735 27375 28437 25187 13397 28829 9215 28940 16674 16139 30870 1476 24099 21509 1699 21485 23770 19310 29940 1562 14051 18878 18963 20138 3387 12735 9000 18848 18899 393 23340 11205 3926 29371 28240 31488 25399 14843 9644 19445 15871 433 22315 16605 28117 31743 17847 17830 30541 10244 28065 17739 24694 9811 18772 21621 4639 14510 23098 3411 15209 18695 494 6327 25491 5049 30628 8306 5634 20739 26069 9969 21647 31175 31792 25 15381 897 445 26463 1850 12169 13139 28460 23422 18829 31292 17776 3202 29001 18215 2437 16794 19338 7502 12102 10646 13923 6633 11120 10445 23726 979 25913 11627 17605 12155 10543 5628 13954 17165 6483 22073 5237 9954 22133 17938 1125 11813 24274 18173 777 17351 24045 11133 16136 10149 27051 3318 22319 2039 26803 31664 22514 765 7684 13610 5157 23781 5591 19617 13563 30208 28599 29153 7487 19749 16863 16971 31699 6757 4564 20519 10598 19953 7747 19499 11642 32585 30237 32076 1686 6311 6385 29381 4551 19114 7306 7269 
2222 27440 956 19537 1172 3001 29871 21515 26353 23614 28557 9321 8232 0 2214 10890 26656 17648 14479 30027 15000 20665 29471 21974 17869 26295 26807 2211 30071 26394 3596 3862 3157 29826 4372 26458 5042 30458 24119 12669 14649 571 435 32205 1787 31519 29008 16498 8638 6243 2629 9804 31111 6817 20330 18191 6251 22413 13215 28830 31635 29807 31869 1957 8845 27618 2364 14713 16602 15052 2532 31540 15797 20637 29367 4621 28193 7884 14302 8437 13623 25486 7507 30584 30382 3033 9999 7634 1963 18586 30069 23121 2506 13106 6654 11243 23661 7479 12326 30239 4165 26473 18070 23057 2335 31730 25747 30945 14832 18402 14248 6988 10020 20459 13711 31366 6947 15449 15973 9815 14628 30805 2831 17524 23095 16475 29671 9504 24717 15353 23467 26884 27914 32458 19111 13387 8974 3250 1569 11009 26240 15707 12294 12974 16412 6896 15059 13615 21502 6169 15814 24788 5743 14647 30022 8640 10991 3297 31632 20605 6532 3999 1443 20958 17986 22246 12398 9242 22299 8020 10808 5414 29672 6701 17488 7763 3256 5654 14582 8489 4696 24337 12681 387 19748 29112 22770 22764 15885 23998 1617 16185 13803 29603 19430 25703 3844 6583 30275 30647 
22189 6599 16265 20031 31386 8896 16029 6732 29910 27170 21108 31758 26110 2214 0 30675 18145 17341 3964 24203 21508 27562 11851 17627 29929 11715 12212 27209 30741 7916 16842 31898 2049 25013 16339 24638 3191 3431 21201 12537 16682 27470 32049 18131 15765 30281 28114 19266 27158 18576 13882 10902 7754 25540 16404 28069 25771 32573 7662 18360 8041 18576 4912 25781 2694 16992 28512 17294 22325 11622 6292 10474 23667 10179 24888 30227 6375 28293 1282 28703 504 28024 26931 17250 23597 2351 31760 20243 6345 20307 20384 1342 29863 31019 19367 27371 21587 27756 4835 1164 6506 9795 30598 15020 27956 15520 6900 725 15488 25028 5310 22722 24767 5646 15582 21447 12900 29699 30005 25726 123 17052 3651 1715 10632 14804 8998 29586 20898 9586 2261 8207 29136 21011 11421 5013 15524 28796 32220 25331 5142 23326 16125 23428 3235 27114 22965 10909 14759 16471 4732 3388 16119 16817 14159 21487 25539 6052 9636 18179 8874 30473 17325 14062 29470 3825 18642 17663 18427 19951 29033 12356 32611 27050 31160 12987 16349 21667 31790 15037 32430 3652 3805 3239 11127 31017 15419 6347 15632 9139 13082 4502 7076 11978 18917 3587 9229 16115 12573 17472 
18002 23099 6541 20833 21435 28060 8661 4487 10123 22435 19619 2750 12872 10890 30675 0 27568 12046 9738 13925 31593 16686 7389 6500 14834 20068 13515 29017 18089 14260 32531 24358 2579 13852 31306 22701 455 21875 8420 22222 27801 27777 13825 30372 8968 20064 15482 27131 10218 12562 17452 21269 15702 1380 31107 26527 2513 15363 9034 30446 6589 13276 31410 12158 18686 19897 2465 16301 24815 24857 31549 11700 30341 3664 2744 743 21697 10720 31838 9773 32604 15638 19677 451 6574 22505 724 20525 15839 12303 20127 11389 4177 18785 25698 16840 6989 9073 15443 13798 16109 10346 9548 11113 16714 22824 21905 30432 19175 29336 26079 25421 23390 2129 25270 8677 585 20596 24552 16647 26739 7361 14946 18047 30015 15610 29754 18684 7256 18045 22265 9423 8091 32029 18474 10214 20802 22849 31780 20745 8787 26432 29460 32339 2376 31740 27727 9972 3327 31421 15318 31781 32740 10320 11818 3436 14174 18272 26194 19474 19319 31252 25130 2529 10960 9450 4335 20259 3780 20180 10248 9176 7131 14993 8726 10295 14962 13646 5183 6247 29608 22141 17847 6015 24204 11508 13712 23995 27013 5450 31427 9729 3074 13679 10879 30356 11364 22922 12466 8471 
5861 1236 17310 6442 8119 32688 10584 8786 7554 25037 31435 10211 31567 26656 18145 27568 0 21666 14029 9527 17710 15690 7258 12589 27567 31717 14288 19279 7318 20055 17182 21095 9862 26516 20794 15165 12778 28427 21111 30368 27765 2128 24099 32181 12250 12042 32101 28800 32711 29468 29525 29361 31528 24855 15964 12977 7322 8927 20175 18157 26157 9372 11975 19810 21599 18916 5956 31081 13397 32551 11906 31684 14684 13148 27547 28905 28064 1514 23390 16782 23083 13528 17006 8565 545 5944 22687 6266 3387 12241 6541 16859 15745 9229 26238 11719 3148 8994 30075 4394 2683 2436 18857 12216 24565 19595 12526 11319 1631 31329 705 11026 6943 23086 7249 29467 25745 30855 21977 30879 26249 11284 27971 32433 8714 24192 8700 15023 23620 9639 32279 9753 2260 30971 2213 27284 13111 3894 23892 5178 911 12359 25926 30244 15003 1911 11572 27962 16624 16859 5316 27961 9597 1278 21288 1030 10047 2511 3320 16178 9793 26569 30544 8142 6103 23650 17453 2161 23067 6838 21509 20871 680 28532 26790 28637 1174 17673 21842 22890 18870 21515 26648 5215 6927 3049 2164 7282 29849 32721 18218 2663 8249 25569 23391 10720 13309 26258 18682 26983 
3935 22170 29128 25873 13933 5023 20322 3203 1173 19435 28022 20383 3189 17648 17341 12046 21666 0 21489 8719 5945 17390 31222 31505 11293 13098 22168 22122 18175 17007 13044 4968 9060 32531 27165 4198 9336 20988 19465 10403 17045 6300 12475 16229 1811 16687 1970 5198 593 17977 28561 23806 26629 9530 8720 24554 15809 11444 16419 3197 18374 15712 19049 19565 8205 23213 20952 2655 9107 9849 11431 10686 8676 9235 15227 27609 31467 24177 2774 32316 5881 19886 23741 11856 25876 6087 26280 32310 19330 2199 20400 5856 13974 23824 15091 21362 12730 15804 27211 25048 14013 1139 17712 13480 8030 10590 20458 16954 25881 29485 24316 19718 6962 18069 4813 12606 20223 12557 26520 29612 14971 2761 26006 3533 29960 19447 15722 13103 3716 28985 23758 3080 16527 2914 18300 8472 8731 22134 16479 29889 2357 29660 3834 1380 1811 9190 27929 13566 10846 6787 26807 20996 29634 19267 17967 15740 10419 18572 11943 27228 28802 4635 14009 12840 26528 28350 2403 15046 5426 11600 17202 27045 28374 26870 18858 8207 22196 11416 11001 15563 16329 4515 20956 7926 25711 13821 6610 9763 15152 9544 3968 27570 5581 4444 26980 12654 5770 30207 1213 16747 
5800 27889 27256 18162 28610 16969 3267 11351 16646 5988 19189 28785 21218 14479 3964 9738 14029 21489 0 2634 1402 11333 21459 13656 8526 17459 9894 30421 12196 27983 24700 32200 18329 19725 29772 14611 27227 19243 20325 19938 27275 14015 20459 26202 10448 24965 18069 9343 25020 7527 24485 17766 2275 18509 3880 16540 27961 21030 23664 28630 8877 26936 10447 2778 27908 14501 19861 942 10232 25918 11597 3840 26770 13452 5171 25813 21444 2588 1017 1397 26186 9995 18107 3735 10690 22482 25920 27849 4874 31827 23668 29986 1498 5668 11810 13099 14754 18715 10486 30475 31655 31259 947 28658 2649 30750 10161 24264 1527 23427 18074 11543 12902 1945 5989 29750 1614 31340 22163 16567 17270 22224 26025 7699 5218 21676 9710 13971 27435 904 27239 4994 7582 2905 7440 18834 31384 22412 29532 7564 21666 22609 19951 27964 15816 17962 8091 26779 28863 5044 30617 26430 9015 31157 2825 26111 15741 18791 22955 30955 13141 28931 18911 15723 31255 24209 22492 6326 22536 11503 13357 20087 2299 18207 28018 15291 29737 28118 340 16926 28493 19266 28873 12086 19204 283 13194 11328 9316 23790 9937 521 14298 7845 21336 15647 12617 32091 9871 32312 
19565 28042 18309 1426 7070 3156 30547 15837 22236 31870 22120 21030 17580 30027 24203 13925 9527 8719 2634 0 30270 30438 6489 7069 14333 18942 1399 27210 14537 2466 3575 32106 5693 7466 3431 10883 3262 9740 25674 7487 12638 16564 1441 7011 11281 25249 25019 23567 15892 4545 6974 20024 8346 28941 12917 27235 1977 24168 4829 27555 21908 7606 12011 3030 18890 19769 5664 7963 14623 7984 12623 10904 6505 5298 4397 21098 28093 13768 31514 15085 24282 714 8239 14638 3030 6908 10889 28333 24328 21609 3285 11352 29494 16639 16412 14532 21759 23787 23504 21934 11403 25143 13336 8369 7026 32163 27224 11082 23274 24769 7172 26122 26165 27988 7078 15130 15690 30186 24621 29684 3010 20407 5752 18016 16389 12725 291 9389 24246 7418 4754 11570 7772 19034 27964 21764 5971 22846 13881 10745 5106 15299 26126 18397 19709 7190 952 23796 7758 14095 30200 22960 32703 26636 22238 10164 20059 25105 30104 1033 12742 21022 29308 22687 10729 26320 8532 12552 4322 31035 7657 9840 7468 21254 16083 24288 12298 19912 21120 31667 31802 18339 21122 4953 20695 10528 31006 4684 5263 30794 25874 8016 15622 13581 14247 24303 20106 31441 22775 12852 
5510 16594 30659 5413 28750 5911 17248 16456 22846 24704 4285 14509 14040 15000 21508 31593 17710 5945 1402 30270 0 25282 3553 21172 1055 13721 16263 1015 9233 1666 7102 11634 5496 22627 14477 10236 9054 31947 15134 24332 10164 16743 25115 29888 3284 17834 30025 11305 27189 17592 22116 1497 6253 24468 12090 15022 22637 13194 30987 225 27128 18655 22815 18250 11620 9655 3753 21239 11413 4423 28124 27373 10039 21308 9292 32317 32315 31595 17031 28746 6804 32187 18164 30553 11059 11856 9708 14683 22081 27129 2839 4855 14748 30427 20488 13531 22165 26974 25628 836 17640 6489 8592 25547 18683 29562 19425 25970 10587 13049 13161 28399 24437 20349 14903 24377 32657 11086 13871 19536 29716 19900 27747 19537 26615 13775 8625 29883 31875 4401 31901 31739 9807 25433 13425 10558 19835 26873 18835 32376 3374 17322 17190 18608 11854 14806 11749 654 14719 5862 22588 13608 15455 30637 1960 17161 7679 3860 9040 18818 7845 12039 4069 1077 24257 8607 14519 24288 2350 7825 537 8551 31914 26840 8438 25124 4248 24734 5044 10867 20724 5488 14409 31097 19863 9378 15261 4405 22702 28672 24095 14793 20597 30903 18858 26378 20536 27267 29850 27718 
27647 22312 24468 13574 17213 7397 13105 13807 3716 3402 13975 19527 3875 20665 27562 16686 15690 17390 11333 30438 25282 0 26029 13356 22105 17602 897 17470 7750 24647 18039 3844 16255 22266 15210 15778 6234 21078 24266 617 3950 16519 28044 23727 32550 869 1617 2542 20358 17075 26325 24608 10812 15769 20890 3418 29931 14175 26582 30887 32180 23404 922 16423 1542 13438 24132 4201 6056 4908 3879 20741 20483 32665 11897 25214 3509 4731 10365 26967 11347 20812 3314 25203 14974 27086 26300 31923 22057 26821 26577 29642 6954 18416 30054 26724 20479 28489 24667 29047 15586 1407 21988 25321 22800 11185 21625 1379 14934 108 12544 15221 29405 1511 30777 20459 18744 18301 14442 26991 30379 23148 32588 24416 22461 5581 6197 27633 15105 7635 22151 30598 14881 7752 30809 31052 18733 20549 28004 10519 26658 10033 3633 32384 8893 16637 3968 14655 19074 30110 15868 28358 5896 8651 19997 22816 6280 2297 19550 25352 10405 27284 31136 11597 17789 9855 8158 2406 753 3278 11026 9553 32305 13506 4711 25777 32651 30470 23969 8999 13941 26409 21194 23537 15321 26716 6174 29378 18081 14701 22072 6625 16002 5123 9854 4485 6413 15132 22987 15471 
2232 23554 32575 19817 19895 5406 3047 3777 9729 16524 20729 15544 10965 29471 11851 7389 7258 31222 21459 6489 3553 26029 0 28220 17980 1680 16385 24370 19183 20472 17936 23040 20150 29091 11993 2091 14403 21649 315 13489 13947 26798 23434 28799 11730 2016 16400 12054 6888 28494 3274 10106 9829 15091 31328 1371 26130 3939 15974 13959 1849 24029 11474 24719 24126 28306 29885 19128 6014 7476 21598 18468 1384 29634 24644 28226 18395 3986 14804 9076 18623 31904 20739 20991 18919 29463 3412 19256 37 8989 31253 9965 30639 31459 20949 11025 15794 4844 1322 1963 2868 11422 6305 29441 27951 28423 30214 29185 9708 19954 3286 22769 17309 18218 24065 20568 10302 25101 20196 27179 32430 7508 24454 4924 22793 14113 8211 27871 29768 31563 407 23263 23836 998 24060 20896 29192 6166 21318 12438 32445 5397 19981 13542 27834 3459 24379 20571 17701 2797 14600 28812 32740 7585 28467 588 23551 9904 22147 15698 15674 2116 8061 1065 19182 10277 2151 25690 19497 28806 17021 728 32007 15125 26227 172 22863 21059 5163 9186 6225 29904 6584 20659 22015 1947 15763 7925 9546 25000 2076 6080 1984 24178 10324 26466 1635 8818 20441 3973 
5984 19259 12183 5029 16711 17264 4731 181 20511 20233 6277 88 30527 21974 17627 6500 12589 31505 13656 7069 21172 13356 28220 0 25489 954 5220 12270 17608 32601 5159 7136 11226 10442 1445 9489 8095 21690 8120 1198 11096 17428 18385 6949 1688 10972 7296 18979 23919 29766 32322 461 1241 22 650 23869 10086 21820 32019 27201 13867 1455 2917 30799 10729 16266 20133 2764 24700 18278 16290 19070 8839 22519 18717 4687 7517 8938 5208 29509 23859 28414 13282 19390 4996 3937 6305 19952 13764 12365 32033 4512 16457 13539 13085 3362 10615 8776 32587 4498 20779 21502 28524 9809 30826 30085 22164 24514 3402 32050 23478 3398 22304 9295 18036 23158 20204 6260 30245 16288 12290 25125 12071 23941 3322 15534 10855 8272 29914 23355 4910 17882 29826 22331 24367 8989 88 17398 11470 17654 4661 9069 5043 18464 1936 14450 5007 1133 3049 29192 3373 26438 7032 27645 29116 6502 27158 16582 5212 19411 14956 10395 18920 18461 29019 8660 17154 8155 29099 7810 19556 5987 3064 29521 24934 10185 3802 926 15564 13338 17235 26324 21458 19930 24958 780 26489 9404 18805 22757 6164 32161 3204 31905 9998 19667 4748 30849 21246 20355 
4070 29202 18087 13637 19269 12010 29053 1519 1542 6059 3695 17082 18694 17869 29929 14834 27567 11293 8526 14333 1055 22105 17980 25489 0 21295 20483 31270 8875 21896 7856 22514 7172 20132 15975 15376 2354 20837 26693 27752 16549 10491 27307 19998 11477 13392 14744 18332 9152 2484 1095 2275 31141 11977 3081 9747 11007 28849 14436 12345 14788 10358 9325 14425 6623 30650 8547 26811 18667 18849 27277 8314 27955 9211 1622 15691 6119 5302 4262 32650 1695 18307 27268 13451 21 4039 2793 4896 10271 29381 27879 30310 26348 32266 22267 25300 16256 30233 30639 390 12658 10583 4980 32199 484 29497 16318 28893 1987 15277 26465 18457 22336 32454 5164 20767 26767 10412 14788 22642 5599 20931 32195 1604 3226 10010 14609 25980 3551 2839 11906 16648 6716 14945 12977 17254 25777 269 16668 1133 10466 19469 14976 29025 16539 8918 18552 15158 5257 21840 8785 14116 17463 27139 12080 23916 8520 6272 16743 21097 23027 23565 26388 9690 28356 27285 3068 13423 20369 7120 26791 22419 15291 3246 31420 20344 16807 2825 671 4969 31100 5515 16968 29771 22303 31709 31079 15733 12140 27410 23222 16306 19638 29268 30366 29332 11905 19405 22285 6139 
8362 20149 12033 16452 25014 31392 338 23904 2933 16995 581 23565 27674 26295 11715 20068 31717 13098 17459 18942 13721 17602 1680 954 21295 0 12160 17065 1512 18162 20055 8217 31992 6424 11109 17515 20149 28384 16961 18841 20287 31979 27580 11496 19360 30123 7367 22725 29517 20062 5537 31713 4091 18253 19781 27018 30628 4935 9492 32589 25817 14936 12479 19402 8523 5071 7799 29399 11924 29551 2904 2777 22859 26101 20498 28511 25160 6346 4570 17664 10804 18698 9105 10870 2900 21941 820 21243 19863 20788 32643 1508 24798 11792 20981 16253 18827 25326 14555 28452 27469 8654 24020 3753 7723 32388 5233 3813 14799 8311 15657 21913 789 23449 22656 18569 10195 19624 5747 8665 13546 21667 28199 2471 12942 3984 2514 12522 21202 8812 4842 27019 24184 31859 10893 30657 19448 26513 6704 6322 11470 1064 2187 31304 23816 3077 16069 8273 8464 30877 18908 29402 7606 26765 1111 29133 22146 24656 21551 18889 7736 16963 10491 17986 9644 6614 1627 23770 5321 5652 9895 19967 23004 20311 472 5830 6950 13380 17591 12294 30370 14861 1093 22200 31763 11240 14699 22927 3409 13770 20707 10195 4309 1641 23397 7555 8834 9329 10774 18603 
10323 12935 8556 9325 972 26169 20553 25922 22351 12015 7339 15316 4787 26807 12212 13515 14288 22168 9894 1399 16263 897 16385 5220 20483 12160 0 7760 2031 29699 2190 3649 11569 27618 29327 16387 5096 31526 31315 25240 31068 351 2461 14366 4392 14759 3785 26686 30870 23473 8006 27351 16189 29460 25943 22252 16601 22742 13579 8651 19562 31548 25721 6782 21649 24528 17217 11639 9511 2996 19776 15480 23071 15910 29843 5825 5022 10580 7887 23933 9048 5473 12670 24686 12078 6584 18909 16088 1286 22673 31701 22700 7146 26818 13368 23541 32356 22984 6717 31368 6681 32277 3134 5095 12452 26523 5040 24438 26037 17049 27747 25314 9835 31398 31484 16590 26095 22012 20144 11199 27473 29447 2627 2379 11431 21549 20545 4477 29540 26079 3707 30348 17910 10977 17604 24765 21156 31447 8941 19093 22438 32528 6655 2371 17542 22935 15544 3405 4279 8823 2888 10106 883 10063 1613 24064 26842 6422 9485 7662 28744 5168 2802 21724 12279 11953 6220 16082 2518 30961 12866 29814 28073 7249 24089 1402 13409 1101 2985 11076 4286 15810 11037 24543 20771 30849 27115 25891 28346 22293 13075 2080 9673 30929 20124 11473 4947 27165 15436 28158 
22165 21437 9327 26568 5021 11246 22336 24936 9154 27313 6816 12431 8640 2211 27209 29017 19279 22122 30421 27210 1015 17470 24370 12270 31270 17065 7760 0 22351 4433 6547 31967 11507 27271 14038 22830 28109 2722 7484 31959 29941 6825 29421 13231 6026 12796 17736 4584 15005 9010 4458 25623 10587 9784 27390 29286 30591 7079 11591 29461 31735 25957 25196 18487 12245 4224 19715 25771 32120 19528 16353 29785 19452 27307 12320 9135 21215 26069 11634 8796 501 9992 11429 15691 2447 2745 20599 11234 20199 24044 7324 27772 22734 20689 16141 19492 154 6816 23443 30100 29514 19122 1427 9070 20219 737 21532 20922 26768 5921 15407 2720 1437 20064 7503 10855 5780 16539 11337 13997 15668 3649 10309 9448 11054 27852 1549 11294 9497 17566 32156 32225 13721 23578 9707 654 23756 19459 2808 29894 18421 14617 27160 30765 23915 3826 127 1890 10436 14358 6157 21823 29502 3935 15962 32082 5230 1679 20997 8092 18220 15922 21049 17289 3775 2743 7297 7728 30789 8906 1229 6092 17509 29428 29637 11387 17721 21110 30542 1077 31861 5475 29018 24080 17885 14332 20724 10931 6630 8017 396 29207 13483 11029 31872 24710 11538 5313 10476 5837 
24221 17717 18205 7942 16989 19289 15054 25315 1595 3230 7845 21937 4886 30071 30741 18089 7318 18175 12196 14537 9233 7750 19183 17608 8875 1512 2031 22351 0 4755 5626 7925 8026 8512 4125 19461 25489 22514 15251 22930 24909 9351 15248 28051 2405 9934 7849 27097 13781 14830 30005 3101 22338 26134 3299 5197 32177 1638 3485 23833 6276 12061 29596 4793 2486 8196 8908 29697 26712 20250 3938 18856 3660 22402 14268 32724 19776 22698 27513 3562 26349 4541 7129 6292 9362 17739 12631 31252 10667 12599 8837 7368 24055 9953 18471 21502 2729 3988 10899 7930 1773 26930 17481 581 3999 1823 30158 25400 9799 9068 9934 4553 4953 3141 20594 27797 26539 31132 27902 19246 6454 22294 2223 6822 5905 3639 28628 22621 28843 7370 13867 22280 27720 915 4990 31234 10431 22840 20863 21206 9843 3436 18144 19725 21391 10334 7095 21558 30597 4705 21264 8243 6602 12253 21972 5067 16331 23927 31450 22893 7731 6268 18507 10818 6497 24467 27195 27510 12580 6051 6789 3527 13242 258 30184 23375 21512 2272 31328 8079 32538 755 10950 21949 3294 5987 5035 18766 10269 28921 11633 21703 2491 30596 22443 10944 25392 8843 27064 21818 
6415 31589 25105 2930 9171 22287 23152 642 5979 1680 28901 1658 4784 26394 7916 14260 20055 17007 27983 2466 1666 24647 20472 32601 21896 18162 29699 4433 4755 0 1811 25420 19024 24071 30624 20971 14366 29349 21000 28520 22536 26793 11169 28052 18174 28378 29849 2986 7029 15087 9440 26157 19699 25743 31059 13316 2521 9095 3371 11477 26480 19786 23461 5279 6199 11695 30195 10395 5227 5862 31074 26964 24792 17595 4557 32261 24543 28431 5186 11571 22728 10132 32243 9868 8521 24265 25440 6655 5463 11317 7106 22555 18733 13800 13499 30637 8602 21295 31292 15510 16016 18071 7863 15338 25577 11045 20358 31055 19580 28883 16794 31124 4961 1102 617 1680 8066 32239 6418 8254 15714 29687 17362 22295 21297 19471 23980 2991 23313 10240 14420 20371 4002 18863 30301 25441 30421 2653 12708 3625 14062 16668 31227 18948 25051 13461 30746 499 8884 29688 16579 23803 31123 13124 9268 21118 29079 1721 1490 988 32051 6554 2068 5962 25787 15400 6318 4082 29489 25820 10495 24396 19789 228 7868 11196 7884 12256 18654 2157 2554 18142 25801 6765 1410 13971 32702 26378 5237 12508 16516 18284 1176 10613 25938 15731 7923 3576 512 9683 
25159 21767 25243 6550 25068 23493 26009 21042 23959 14727 5709 11626 8760 3596 16842 32531 17182 13044 24700 3575 7102 18039 17936 5159 7856 20055 2190 6547 5626 1811 0 31021 32092 23049 30209 6317 6236 30936 26156 24198 29953 3649 13938 2617 11819 9056 636 28673 21290 382 10155 31045 24862 4379 15766 23876 29076 3901 31173 24061 23134 1272 23213 5468 15027 11582 13804 7851 12681 13544 1478 10296 14639 261 4576 14659 25646 26466 20283 14379 30561 1371 4980 31962 7506 8417 30522 31597 11992 16332 1041 21288 19695 24930 2373 19865 18392 1576 13362 6667 3954 29161 18354 20782 10455 21508 3815 3333 25915 16891 26411 8464 22017 12345 32084 16059 14879 21795 6701 4615 24755 8802 6705 8822 15590 16495 27786 1084 9986 14432 13642 9636 1743 14322 28392 17601 25395 7127 9982 22870 4874 11330 12866 32519 2882 14256 29634 11202 1595 30713 4965 15976 94 28056 16286 12736 17916 7478 22130 32669 3689 23421 4525 78 24665 4892 4704 21063 15227 12566 26527 5646 17236 9040 27769 2664 26461 5466 6456 21701 17504 22396 9178 489 15120 7173 3024 2780 30696 30416 27894 27156 26694 19224 13779 3297 22727 4990 7442 11545 
9689 29530 25114 2819 32762 9329 30124 11273 6391 14219 11115 8680 17735 3862 31898 24358 21095 4968 32200 32106 11634 3844 23040 7136 22514 8217 3649 31967 7925 25420 31021 0 22818 3955 28493 8186 8100 2254 24428 8508 15690 16885 6693 11588 19561 8001 18415 20877 26365 17802 16662 21776 10901 11519 5190 15943 7293 12607 19288 19553 14894 23229 23133 16327 16883 23890 25832 3535 32733 2084 17824 23487 10985 8886 1030 23814 7792 29520 9348 28854 31696 27282 32438 6725 88 12372 1533 12677 7033 3521 12353 26081 4395 28851 26375 28890 13469 1105 11955 5057 1825 6887 28703 15542 18263 25862 4189 28386 15512 12764 17097 18929 19110 13525 16722 19666 6547 3188 22282 12211 24046 1644 26860 28983 3381 23810 26861 29434 2679 27047 24390 16712 5960 2257 30208 25113 5354 11034 12993 18256 25018 20380 19159 16437 24281 25484 15746 1584 27164 17173 8326 16584 22582 22392 19184 7388 15139 3681 18984 21281 216 9868 19768 14811 13866 3481 29276 15840 31228 19244 8907 24266 27820 13640 26821 2684 10176 27118 27613 29655 2508 18930 32648 16574 25255 28957 28646 11080 19407 26505 30928 29253 14618 2104 4898 13556 3487 22775 1099 5634 
18374 9059 19294 29355 28661 27570 30233 5307 6978 19606 25936 25259 27375 3157 2049 2579 9862 9060 18329 5693 5496 16255 20150 11226 7172 31992 11569 11507 8026 19024 32092 22818 0 29077 11406 2187 3252 16618 24086 792 24256 2580 25355 11360 6993 24816 4021 32100 23716 5355 18913 22437 19259 26729 9530 25386 8546 20600 17639 4815 10723 2229 15975 15057 5638 1918 31145 26007 18123 7770 19055 21186 25963 21158 16101 19576 26381 14978 24445 16109 22469 27131 23565 15923 2259 15481 25132 26179 32282 1643 6346 16716 14046 31537 32014 8252 11714 21322 7285 4492 11265 32448 26664 25168 19437 28624 7582 21887 18085 18910 115 32128 26907 152 24967 25590 19526 13162 12122 27597 11427 20770 2984 6533 31986 20452 8768 11709 4143 1360 15658 15875 30414 27378 20986 14299 27452 23275 1134 31247 27027 4317 23119 28726 20124 31516 7302 23687 6667 10260 8573 15327 12278 23541 31929 28689 13719 6822 20405 7277 25923 12776 14337 24724 30122 4041 5787 23931 28753 29005 11406 12477 4941 13656 18633 21030 6721 24542 834 32637 2715 6479 16716 8850 24331 13884 32565 23944 11844 4943 6947 10596 10487 20842 7473 13014 2828 15902 14533 24903 
11931 6947 8310 15144 2241 11742 8188 17330 20237 23417 13551 19919 28437 29826 25013 13852 26516 32531 19725 7466 22627 22266 29091 10442 20132 6424 27618 27271 8512 24071 23049 3955 29077 0 9743 24543 3063 12681 16516 4347 17310 22005 27401 15554 736 14044 32690 21466 637 27690 16651 20087 1366 28125 29953 16944 15872 1279 12303 1314 17033 16359 7341 6728 31369 17836 19190 25369 13164 9450 21658 21091 18175 31161 24835 7271 57 1770 21963 8246 10827 7812 16221 1611 30187 30079 15850 20586 8413 16064 656 22200 3011 10581 10438 28188 10791 7666 30730 13269 30918 22443 22990 14941 26142 13300 4000 4989 22843 21974 30105 29617 17086 30836 23816 27327 25647 3262 19295 28050 14725 32372 10590 11613 12531 15454 11903 30701 7413 24521 5282 7502 3227 3910 24569 5793 30228 30879 18230 27197 24447 32282 2035 2309 29166 29425 13155 8458 8891 786 16183 8545 24335 8723 26323 27462 26032 7545 10417 27762 15116 11819 27669 7865 25475 9521 6900 10472 20473 4017 15391 7390 10396 28204 22963 3817 25074 23285 16325 612 18470 15346 24394 26510 27796 23447 24901 9901 8595 1312 13877 29795 28803 14 11709 27472 13847 1765 25237 9961 
17622 8365 21369 16978 4477 31878 28349 1879 5181 15389 8376 18018 25187 4372 16339 31306 20794 27165 29772 3431 14477 15210 11993 1445 15975 11109 29327 14038 4125 30624 30209 28493 11406 9743 0 16765 3402 25096 25828 30878 20662 23491 12014 20273 7114 29531 27325 8244 28152 3708 13534 27905 2377 18330 30904 3006 29107 2822 16136 11781 16823 10801 1948 3029 4159 20800 2639 16056 25526 2769 31558 6453 28265 15884 11881 1657 4126 21230 13860 15938 22771 26833 22879 22796 2425 19263 31932 4223 19472 4345 23312 14360 9093 4419 10533 14871 19179 7026 174 9385 695 7352 11914 4950 1824 8238 16445 173 11189 21795 27820 19503 22591 1957 13337 121 25306 14158 21343 9653 846 14416 26223 11331 23476 2755 22026 15268 21062 21550 27840 29096 14470 10068 12074 24024 31635 1601 21348 17701 22984 19093 29645 31186 22934 24592 22787 21408 32164 32094 30489 5177 29221 18212 31259 17375 12153 2379 32196 21077 19975 29325 19583 2061 1882 32318 16796 5011 8315 30812 10964 16186 14734 18394 17663 6917 16048 27433 12308 9945 30223 21256 30306 18657 26443 1933 781 7234 6158 17267 9164 25600 23015 29094 29153 11824 9579 14605 15961 29535 
