50 0 0 0 0 0 0 0 0 0 0 0 0 0 0 0 0 0 0 0 0 0 0 0 0 0 0 0 0 0 0 0 0 0 0 0 0 0 0 0 0 0 0 0 0 0 0 0 0 0 
0 21873 15359 25587 30639 15534 17495 29202 26783 11182 30975 30526 29415 26256 18157 12029 545 20572 17082 1159 25264 11759 21250 31443 5304 19481 8427 29142 30539 19716 771 11527 8166 8409 22095 16165 29211 28062 31136 16189 19344 27234 24361 27367 22568 29084 26703 6609 25216 20176 
21873 0 15343 21900 4912 12188 2898 30474 23167 13374 3453 10483 11973 27897 9314 31307 21639 14017 11263 22517 26345 7698 19289 25760 11988 31882 29382 14587 29020 8379 27504 24625 14689 29759 7190 9361 24693 21517 26389 140 23294 3851 17831 18405 2971 16100 1130 23844 8652 28444 
15359 15343 0 14069 18865 5024 30749 2860 172 28436 9841 24934 18876 6914 22776 2015 359 11877 28239 27718 5455 12949 8436 25565 3784 6793 7283 15072 14247 7003 24291 3880 19804 2573 31377 14864 30276 8844 3066 19864 27960 23538 30719 26824 5994 11792 18005 26455 30833 27691 
25587 21900 14069 0 27024 18905 1650 27604 3115 24755 7486 5262 400 9159 13378 17621 30205 1199 6133 22194 9052 6901 18993 21099 387 20036 4765 20574 10175 23772 10827 30990 913 21068 18077 22396 18615 16987 1902 29112 15982 23623 3182 23480 19958 10802 13774 14440 30294 4313 
30639 4912 18865 27024 0 30288 20351 8228 23370 1628 25863 22017 8858 3276 22388 78 12359 20768 18546 26563 3621 12813 24191 7002 22846 30432 9146 6863 11583 3110 4862 9829 4147 28553 1840 6123 12911 20221 213 26879 5837 7964 30184 19089 30493 11470 8170 29099 30937 28205 
15534 12188 5024 18905 30288 0 422 14343 5644 17153 30092 28563 32219 21485 11804 19590 23607 10506 28960 12356 11502 30283 1779 13938 19255 10964 28161 17772 32598 19221 912 12023 2944 15640 1470 13623 15362 31512 4810 2019 16029 24659 2456 3511 17717 1056 28527 3627 14250 22340 
17495 2898 30749 1650 20351 422 0 27355 13973 27812 1809 32011 10537 4971 2847 10981 7986 10247 16724 23952 6488 24177 23859 10349 12037 23050 19715 26552 30076 28501 20361 11888 26926 3843 32245 1913 19785 32309 24089 19968 13713 16382 20705 8479 11891 21543 28928 14017 14168 12087 
29202 30474 2860 27604 8228 14343 27355 0 18175 22454 22841 10833 18306 1025 11287 18916 15437 7061 18418 4976 1852 21264 11408 23013 9950 11751 4714 6812 20794 18714 31110 17321 2001 10793 23457 113 18661 9794 17809 16508 16889 13756 23529 27788 10136 18377 3807 32239 5722 27239 
26783 23167 172 3115 23370 5644 13973 18175 0 2690 7886 13540 17759 7163 20567 29959 17288 8527 3227 502 15322 19182 17743 31667 9271 1480 1822 29700 14620 27438 23812 27517 20884 9205 18906 15294 23404 733 3117 21245 21417 23089 8277 25799 20279 20655 13506 29700 26595 14763 
11182 13374 28436 24755 1628 17153 27812 22454 2690 0 26967 25513 21502 29190 138 30703 8229 6435 14982 27043 7186 2905 12030 20053 20847 23531 21944 4927 12053 11768 11418 5688 23859 6924 6885 30443 6320 29693 30145 29768 6611 20469 18937 27196 18977 7627 20232 17309 19846 11159 
30975 3453 9841 7486 25863 30092 1809 22841 7886 26967 0 6860 5801 17516 16842 19504 18832 22545 27836 11723 22111 5747 15586 24125 7725 30619 12659 28201 10108 1278 13397 25944 12753 30144 78 7961 13189 15416 9084 492 13782 10419 12807 22112 17217 1404 32021 16697 23572 20509 
30526 10483 24934 5262 22017 28563 32011 10833 13540 25513 6860 0 11648 1115 20079 15020 3323 9142 21284 28921 22280 703 15950 18251 11826 25579 7831 17099 17855 4716 19361 10290 30451 7527 869 30365 6039 16228 13018 20641 13754 1547 11738 1952 7350 3597 23105 15706 18294 26464 
29415 11973 18876 400 8858 32219 10537 18306 17759 21502 5801 11648 0 16669 9600 26346 19297 29804 22015 13554 17677 31999 21743 28994 280 21452 4445 10033 20799 8330 1143 13412 8774 22559 26975 10325 2147 22073 29503 22803 7160 13883 13726 4426 31365 28507 13042 31622 32732 30729 
26256 27897 6914 9159 3276 21485 4971 1025 7163 29190 17516 1115 16669 0 7873 3791 24367 16523 25510 19245 28398 22786 11216 30121 3699 19691 6377 23503 17874 18729 32567 8509 9493 18468 3621 12568 28390 21721 32258 4031 21105 4150 9997 24766 14467 27812 9650 13573 26616 21477 
18157 9314 22776 13378 22388 11804 2847 11287 20567 138 16842 20079 9600 7873 0 5690 15350 21976 3775 503 2477 3105 21648 3196 26479 4541 30555 15988 1299 13266 31453 14164 28548 14332 28261 10495 8409 25358 29585 12968 25247 14613 2362 7928 30330 6814 11948 18800 14572 9016 
12029 31307 2015 17621 78 19590 10981 18916 29959 30703 19504 15020 26346 3791 5690 0 3454 19366 3384 20825 21434 26367 6418 6945 24512 21351 32430 25403 2521 28150 28970 27738 13329 1899 10720 1766 27131 24543 9294 4181 2485 30393 3381 18620 6703 17122 10496 12966 12968 10041 
545 21639 359 30205 12359 23607 7986 15437 17288 8229 18832 3323 19297 24367 15350 3454 0 8460 24239 10080 15461 23715 31354 30793 6577 15357 15084 25650 10138 6690 3005 32727 25995 24614 19178 26573 858 25103 9486 4740 30268 16120 22515 8075 1527 2164 3945 2067 9815 13621 
20572 14017 11877 1199 20768 10506 10247 7061 8527 6435 22545 9142 29804 16523 21976 19366 8460 0 24344 14965 11483 51 18412 32316 15646 8111 8449 21273 12043 27399 22532 9318 21423 21774 29899 13044 25562 25797 21590 12037 4414 9450 12566 23164 11993 15825 23661 1876 29845 11639 
17082 11263 28239 6133 18546 28960 16724 18418 3227 14982 27836 21284 22015 25510 3775 3384 24239 24344 0 23720 8006 638 20296 10765 29004 27051 10757 12784 2000 2188 8668 30103 16828 15480 31196 11993 23474 10048 12948 21059 19623 12406 324 30844 23734 2028 13138 13030 27182 19840 
1159 22517 27718 22194 26563 12356 23952 4976 502 27043 11723 28921 13554 19245 503 20825 10080 14965 23720 0 29461 1367 23560 27596 726 1071 31264 20467 15526 3600 28731 29083 19867 10629 9595 28238 2712 3243 4486 6262 10895 10590 9962 19248 20997 13746 30916 31843 5079 17573 
25264 26345 5455 9052 3621 11502 6488 1852 15322 7186 22111 22280 17677 28398 2477 21434 15461 11483 8006 29461 0 11661 14202 7271 26536 1063 12679 20165 31585 30521 6549 27191 27039 22381 26962 29937 21322 28610 3549 10119 28 12528 14489 16749 19477 26636 32321 8897 13616 17516 
11759 7698 12949 6901 12813 30283 24177 21264 19182 2905 5747 703 31999 22786 3105 26367 23715 51 638 1367 11661 0 8577 6336 16849 10982 6302 28274 5997 21203 22418 18459 20892 4536 9250 14002 28406 32423 31426 16654 4763 13450 27672 30300 3036 15919 4035 12499 32021 5284 
21250 19289 8436 18993 24191 1779 23859 11408 17743 12030 15586 15950 21743 11216 21648 6418 31354 18412 20296 23560 14202 8577 0 27181 23209 17192 28194 1780 10943 11826 18731 28212 13496 27967 4453 16989 6365 4837 17926 7481 16091 18236 1703 10383 20183 21410 19198 9737 19651 30660 
31443 25760 25565 21099 7002 13938 10349 23013 31667 20053 24125 18251 28994 30121 3196 6945 30793 32316 10765 27596 7271 6336 27181 0 5782 5011 29996 13056 10714 30526 9378 14283 3229 30755 7796 30407 18902 5908 18261 22439 30541 12633 3013 5923 6755 28002 2293 16211 9748 19393 
5304 11988 3784 387 22846 19255 12037 9950 9271 20847 7725 11826 280 3699 26479 24512 6577 15646 29004 726 26536 16849 23209 5782 0 23217 4480 31120 29446 22932 10411 30162 18926 2298 12015 13498 31371 31934 3909 8194 7441 23640 25146 4939 26608 27845 844 17187 17861 11683 
19481 31882 6793 20036 30432 10964 23050 11751 1480 23531 30619 25579 21452 19691 4541 21351 15357 8111 27051 1071 1063 10982 17192 5011 23217 0 3993 885 12023 19792 9138 16390 10474 25630 29685 1274 28287 5711 13390 29362 27239 28551 16607 218 26022 14311 11783 22876 5558 11423 
8427 29382 7283 4765 9146 28161 19715 4714 1822 21944 12659 7831 4445 6377 30555 32430 15084 8449 10757 31264 12679 6302 28194 29996 4480 3993 0 21495 13299 26705 32236 5763 21851 812 10546 25319 19869 18022 27995 32590 689 18660 1167 9479 5277 11540 32071 16289 17158 18227 
29142 14587 15072 20574 6863 17772 26552 6812 29700 4927 28201 17099 10033 23503 15988 25403 25650 21273 12784 20467 20165 28274 1780 13056 31120 885 21495 0 15622 8546 11072 28146 2373 18501 1409 22090 22465 27246 11691 29603 17503 21954 18834 31016 15839 29317 2850 10291 9503 24718 
30539 29020 14247 10175 11583 32598 30076 20794 14620 12053 10108 17855 20799 17874 1299 2521 10138 12043 2000 15526 31585 5997 10943 10714 29446 12023 13299 15622 0 20959 21866 10340 16772 14108 8621 10514 31116 8538 16004 3989 32099 12087 32128 25917 21593 31030 28911 6603 15459 2598 
19716 8379 7003 23772 3110 19221 28501 18714 27438 11768 1278 4716 8330 18729 13266 28150 6690 27399 2188 3600 30521 21203 11826 30526 22932 19792 26705 8546 20959 0 19951 639 24004 352 2639 27798 28536 5055 6666 15011 16161 478 32579 10308 31770 20034 19163 2762 2779 22931 
771 27504 24291 10827 4862 912 20361 31110 23812 11418 13397 19361 1143 32567 31453 28970 3005 22532 8668 28731 6549 22418 18731 9378 10411 9138 32236 11072 21866 19951 0 13510 14139 10924 26541 26211 26619 13957 4851 16317 16059 3911 28166 18251 7541 2356 11987 20331 15319 16161 
11527 24625 3880 30990 9829 12023 11888 17321 27517 5688 25944 10290 13412 8509 14164 27738 32727 9318 30103 29083 27191 18459 28212 14283 30162 16390 5763 28146 10340 639 13510 0 26784 28977 23991 1059 27402 25092 9401 21713 4061 12192 8070 30738 8444 2512 12964 16345 2093 10661 
8166 14689 19804 913 4147 2944 26926 2001 20884 23859 12753 30451 8774 9493 28548 13329 25995 21423 16828 19867 27039 20892 13496 3229 18926 10474 21851 2373 16772 24004 14139 26784 0 1617 5470 16605 27079 24322 23832 17114 4436 10951 17378 10647 2898 5265 18739 25612 10239 5247 
8409 29759 2573 21068 28553 15640 3843 10793 9205 6924 30144 7527 22559 18468 14332 1899 24614 21774 15480 10629 22381 4536 27967 30755 2298 25630 812 18501 14108 352 10924 28977 1617 0 5253 25198 11460 30921 339 24994 16460 17133 21931 16681 10881 11198 19444 17838 4601 8434 
22095 7190 31377 18077 1840 1470 32245 23457 18906 6885 78 869 26975 3621 28261 10720 19178 29899 31196 9595 26962 9250 4453 7796 12015 29685 10546 1409 8621 2639 26541 23991 5470 5253 0 26989 24926 2974 10571 14482 9084 17180 26471 20223 15250 26714 11027 27140 12266 28680 
16165 9361 14864 22396 6123 13623 1913 113 15294 30443 7961 30365 10325 12568 10495 1766 26573 13044 11993 28238 29937 14002 16989 30407 13498 1274 25319 22090 10514 27798 26211 1059 16605 25198 26989 0 22862 15185 15702 4121 19216 30812 20954 23818 24819 29390 26494 17791 23016 21286 
29211 24693 30276 18615 12911 15362 19785 18661 23404 6320 13189 6039 2147 28390 8409 27131 858 25562 23474 2712 21322 28406 6365 18902 31371 28287 19869 22465 31116 28536 26619 27402 27079 11460 24926 22862 0 6549 16269 20971 15514 18462 5309 11443 14786 32387 13593 11525 18983 28569 
28062 21517 8844 16987 20221 31512 32309 9794 733 29693 15416 16228 22073 21721 25358 24543 25103 25797 10048 3243 28610 32423 4837 5908 31934 5711 18022 27246 8538 5055 13957 25092 24322 30921 2974 15185 6549 0 5971 23282 23576 6020 25040 12047 7281 22113 21282 20036 435 25610 
31136 26389 3066 1902 213 4810 24089 17809 3117 30145 9084 13018 29503 32258 29585 9294 9486 21590 12948 4486 3549 31426 17926 18261 3909 13390 27995 11691 16004 6666 4851 9401 23832 339 10571 15702 16269 5971 0 7509 23162 1471 9237 30692 5439 10565 30253 21001 2405 6093 
16189 140 19864 29112 26879 2019 19968 16508 21245 29768 492 20641 22803 4031 12968 4181 4740 12037 21059 6262 10119 16654 7481 22439 8194 29362 32590 29603 3989 15011 16317 21713 17114 24994 14482 4121 20971 23282 7509 0 23860 7286 24761 478 20403 32469 8328 863 20920 15858 
19344 23294 27960 15982 5837 16029 13713 16889 21417 6611 13782 13754 7160 21105 25247 2485 30268 4414 19623 10895 28 4763 16091 30541 7441 27239 689 17503 32099 16161 16059 4061 4436 16460 9084 19216 15514 23576 23162 23860 0 4109 24742 31217 23405 14940 1582 8154 23352 26917 
27234 3851 23538 23623 7964 24659 16382 13756 23089 20469 10419 1547 13883 4150 14613 30393 16120 9450 12406 10590 12528 13450 18236 12633 23640 28551 18660 21954 12087 478 3911 12192 10951 17133 17180 30812 18462 6020 1471 7286 4109 0 16068 17764 18931 7757 2442 17829 21828 10457 
24361 17831 30719 3182 30184 2456 20705 23529 8277 18937 12807 11738 13726 9997 2362 3381 22515 12566 324 9962 14489 27672 1703 3013 25146 16607 1167 18834 32128 32579 28166 8070 17378 21931 26471 20954 5309 25040 9237 24761 24742 16068 0 9977 16500 3421 31546 31869 10667 5957 
27367 18405 26824 23480 19089 3511 8479 27788 25799 27196 22112 1952 4426 24766 7928 18620 8075 23164 30844 19248 16749 30300 10383 5923 4939 218 9479 31016 25917 10308 18251 30738 10647 16681 20223 23818 11443 12047 30692 478 31217 17764 9977 0 28966 5177 10445 20864 4673 12058 
22568 2971 5994 19958 30493 17717 11891 10136 20279 18977 17217 7350 31365 14467 30330 6703 1527 11993 23734 20997 19477 3036 20183 6755 26608 26022 5277 15839 21593 31770 7541 8444 2898 10881 15250 24819 14786 7281 5439 20403 23405 18931 16500 28966 0 21872 30304 20293 24272 15165 
29084 16100 11792 10802 11470 1056 21543 18377 20655 7627 1404 3597 28507 27812 6814 17122 2164 15825 2028 13746 26636 15919 21410 28002 27845 14311 11540 29317 31030 20034 2356 2512 5265 11198 26714 29390 32387 22113 10565 32469 14940 7757 3421 5177 21872 0 12342 25405 32542 25890 
26703 1130 18005 13774 8170 28527 28928 3807 13506 20232 32021 23105 13042 9650 11948 10496 3945 23661 13138 30916 32321 4035 19198 2293 844 11783 32071 2850 28911 19163 11987 12964 18739 19444 11027 26494 13593 21282 30253 8328 1582 2442 31546 10445 30304 12342 0 13419 370 24824 
6609 23844 26455 14440 29099 3627 14017 32239 29700 17309 16697 15706 31622 13573 18800 12966 2067 1876 13030 31843 8897 12499 9737 16211 17187 22876 16289 10291 6603 2762 20331 16345 25612 17838 27140 17791 11525 20036 21001 863 8154 17829 31869 20864 20293 25405 13419 0 12589 5015 
25216 8652 30833 30294 30937 14250 14168 5722 26595 19846 23572 18294 32732 26616 14572 12968 9815 29845 27182 5079 13616 32021 19651 9748 17861 5558 17158 9503 15459 2779 15319 2093 10239 4601 12266 23016 18983 435 2405 20920 23352 21828 10667 4673 24272 32542 370 12589 0 4423 
20176 28444 27691 4313 28205 22340 12087 27239 14763 11159 20509 26464 30729 21477 9016 10041 13621 11639 19840 17573 17516 5284 30660 19393 11683 11423 18227 24718 2598 22931 16161 10661 5247 8434 28680 21286 28569 25610 6093 15858 26917 10457 5957 12058 15165 25890 24824 5015 4423 0 
