50 0 0 0 0 0 0 0 0 0 0 0 0 0 0 0 0 0 0 0 0 0 0 0 0 0 0 0 0 0 0 0 0 0 0 0 0 0 0 0 0 0 0 0 0 0 0 0 0 0 
0 32071 19999 16891 574 11998 29466 13483 27560 22091 3082 10837 3278 19428 1821 21539 11100 32372 26324 17202 10827 4429 7878 27983 27332 11420 2473 21984 28742 29698 7311 28448 3080 22368 15214 1936 5024 12786 21219 22442 26341 27552 6967 984 18706 4240 10401 9892 20780 4864 
32071 0 11632 6726 95 16438 21260 3706 2705 23026 16206 24562 8633 18530 1085 29057 28133 16375 21477 12057 1085 18572 31245 20396 21588 7268 2603 10835 19390 5236 21909 25261 25571 1507 32249 28810 3603 13519 14351 18120 12762 16465 4749 7549 12693 11204 21852 9047 10566 26946 
19999 11632 0 10560 22716 30922 29589 7957 12573 19660 1497 20108 14870 2311 9431 27706 20555 19895 19898 5722 14869 28126 27006 7974 12171 25151 4884 7526 16322 5263 1220 30534 30545 22246 12504 23405 27672 7036 18806 23627 4673 16530 15309 8626 32392 1198 25205 25769 31159 30475 
16891 6726 10560 0 280 12326 28687 31136 13392 23743 16231 19935 29524 12715 26699 3 27082 21900 31054 20263 29492 20391 4747 8051 4832 32517 9026 6237 21535 2267 12708 21548 26298 16935 8426 17603 2978 22683 10669 12700 9703 16063 30833 29458 1004 8018 9859 20196 13528 23538 
574 95 22716 280 0 12792 17105 20892 1059 3474 8353 16947 27018 4403 9877 895 24363 29440 22216 19134 1747 23613 32690 6924 5093 5084 21354 31383 31421 17236 24619 29716 27476 18868 3605 30834 23334 20728 1589 29902 8784 6555 9928 12454 28669 12397 26811 18513 6659 679 
11998 16438 30922 12326 12792 0 2736 11456 3735 19074 29429 21313 26185 23221 10359 7284 28058 25403 23407 20720 25140 27419 21510 6320 12796 12623 15496 11129 31984 11841 18391 7293 13618 27283 18462 1345 4453 3875 2503 5053 17720 21070 1710 16322 13376 9844 17815 11169 4874 19900 
29466 21260 29589 28687 17105 2736 0 25662 12006 4397 31453 18214 16985 10387 10373 1926 6662 17015 32042 21161 21445 335 17826 23724 19888 11459 346 24400 28835 15650 16127 18191 8194 26389 10331 17005 12986 31635 16770 10129 6537 12309 7982 25620 5762 8971 6248 27417 10700 12430 
13483 3706 7957 31136 20892 11456 25662 0 18090 16812 933 25270 9715 22458 9067 1006 25415 14319 13333 21252 24742 5177 7988 28531 19544 18415 11151 18632 20823 1397 30514 26470 22538 801 25546 3727 11060 11101 26928 23455 5419 5134 579 18075 18765 16693 10236 10219 11696 30420 
27560 2705 12573 13392 1059 3735 12006 18090 0 27613 28737 9466 1968 30772 23800 30608 23275 30002 31086 14862 3890 16670 22716 6809 4 29444 5987 13335 15294 25030 15622 17388 4479 11636 18295 21482 29260 16093 757 27778 26991 29030 5044 9024 12325 23323 21661 6518 8313 26372 
22091 23026 19660 23743 3474 19074 4397 16812 27613 0 7239 28485 8456 25705 8003 15628 31992 7894 28616 8842 22066 5873 9494 12198 10057 19562 22339 5878 22322 12390 2542 23715 8100 22919 6966 10377 31138 21807 19179 32671 17494 31233 11779 26774 6689 24489 8783 16325 2032 24541 
3082 16206 1497 16231 8353 29429 31453 933 28737 7239 0 11602 11462 28817 639 15008 12883 3668 27517 20090 21174 6049 12834 10806 14097 32508 1403 27681 13387 20352 19194 4819 26645 8410 8596 5832 17202 13174 7209 20012 25848 2296 14116 3829 27666 3310 19812 17208 8328 8644 
10837 24562 20108 19935 16947 21313 18214 25270 9466 28485 11602 0 2028 27824 13731 2616 23667 2186 1599 8177 19531 2053 24038 21966 20898 32489 2426 28345 4180 28720 18363 3509 3798 16937 20439 14628 10101 14811 12864 32590 1472 429 1986 24607 17475 32580 8917 24623 32374 31916 
3278 8633 14870 29524 27018 26185 16985 9715 1968 8456 11462 2028 0 7611 13341 27431 26988 22025 19910 23396 10012 13488 9814 26584 21533 31848 2295 11865 23859 30548 11324 10604 20548 10904 28266 13945 22723 29740 759 14396 5965 1776 13651 27007 6290 30976 9446 13319 28534 22601 
19428 18530 2311 12715 4403 23221 10387 22458 30772 25705 28817 27824 7611 0 9648 7969 8865 13979 11134 19060 16686 30110 23678 32565 1618 32648 449 28719 25303 15551 24348 17187 2325 13736 3666 20012 1993 2345 1677 97 21287 18548 25619 14778 28723 7171 17463 5684 13900 21983 
1821 1085 9431 26699 9877 10359 10373 9067 23800 8003 639 13731 13341 9648 0 27921 4116 362 16986 17977 12250 23732 29580 27875 29235 26878 9362 25534 8084 22695 4932 14743 19651 2834 5285 24879 23129 14612 20103 1874 10632 29105 12393 6949 27161 15111 12197 31936 9657 27530 
21539 29057 27706 3 895 7284 1926 1006 30608 15628 15008 2616 27431 7969 27921 0 4152 17499 18153 12416 14300 28098 2563 29691 22720 25352 31681 27726 2319 2657 1702 11488 18185 7162 1209 15932 2674 27802 8857 27602 13896 18318 1234 31487 16057 23492 9071 28495 5972 53 
11100 28133 20555 27082 24363 28058 6662 25415 23275 31992 12883 23667 26988 8865 4116 4152 0 5784 4677 28567 17329 23514 23335 27640 20863 25817 16836 15765 4986 18187 23142 10953 6456 5886 19398 14215 28346 6244 30168 19467 5972 16496 20937 8141 27599 32353 12102 31931 8140 32348 
32372 16375 19895 21900 29440 25403 17015 14319 30002 7894 3668 2186 22025 13979 362 17499 5784 0 18374 13432 5331 4410 29655 8996 8511 5642 11704 2763 28112 13559 32035 22187 27864 14637 3958 25153 24670 20831 21353 21800 31098 22732 26885 12866 19935 19842 31185 24091 22458 22497 
26324 21477 19898 31054 22216 23407 32042 13333 31086 28616 27517 1599 19910 11134 16986 18153 4677 18374 0 11158 25338 1998 26723 2925 1654 2875 3536 6718 18298 29479 994 7007 11238 926 7630 1647 31596 789 9144 935 12701 28513 21212 20084 27944 10983 9453 12866 16478 30228 
17202 12057 5722 20263 19134 20720 21161 21252 14862 8842 20090 8177 23396 19060 17977 12416 28567 13432 11158 0 5518 24297 26138 10139 4639 19271 10205 6164 16423 1449 2030 2213 14241 4413 15040 13380 14335 25329 27379 1298 25122 4760 18662 15518 31373 9040 17550 19819 2010 26404 
10827 1085 14869 29492 1747 25140 21445 24742 3890 22066 21174 19531 10012 16686 12250 14300 17329 5331 25338 5518 0 27714 21840 6307 21293 15990 30761 9652 17934 30748 17248 4449 5548 25017 20332 1368 32767 916 21310 23242 10164 8768 17800 12693 7570 30071 32573 29633 21787 3370 
4429 18572 28126 20391 23613 27419 335 5177 16670 5873 6049 2053 13488 30110 23732 28098 23514 4410 1998 24297 27714 0 8011 26303 25108 21598 926 1116 8643 12108 18685 15734 9221 937 17554 17744 31237 17272 27929 2477 27595 15564 1808 15678 27670 17736 19753 7487 19052 23274 
7878 31245 27006 4747 32690 21510 17826 7988 22716 9494 12834 24038 9814 23678 29580 2563 23335 29655 26723 26138 21840 8011 0 765 1177 26615 9505 15099 20189 30935 9275 32396 15104 9564 10896 25342 29780 14096 16704 29455 21134 12366 24867 8132 20034 22965 18798 32630 15023 28640 
27983 20396 7974 8051 6924 6320 23724 28531 6809 12198 10806 21966 26584 32565 27875 29691 27640 8996 2925 10139 6307 26303 765 0 7952 554 2591 9162 11663 16085 21111 25270 15785 9389 19320 19368 28913 14442 20950 563 28897 27981 26649 22560 8516 19652 17073 24619 755 15695 
27332 21588 12171 4832 5093 12796 19888 19544 4 10057 14097 20898 21533 1618 29235 22720 20863 8511 1654 4639 21293 25108 1177 7952 0 30150 32517 30216 11107 29999 15184 6568 30163 18605 18055 32061 2663 32296 25185 10905 6921 3311 22 32248 21406 28358 27685 32175 498 23358 
11420 7268 25151 32517 5084 12623 11459 18415 29444 19562 32508 32489 31848 32648 26878 25352 25817 5642 2875 19271 15990 21598 26615 554 30150 0 29538 321 16477 10386 19404 32112 2068 18760 30899 21430 23119 29949 28040 18659 22111 4762 11314 5018 12958 12960 20931 9515 21698 11563 
2473 2603 4884 9026 21354 15496 346 11151 5987 22339 1403 2426 2295 449 9362 31681 16836 11704 3536 10205 30761 926 9505 2591 32517 29538 0 8681 387 31941 2097 24424 28543 19030 530 17619 30507 2047 19114 7361 23393 23187 7060 8546 2787 22306 21994 12752 10077 14568 
21984 10835 7526 6237 31383 11129 24400 18632 13335 5878 27681 28345 11865 28719 25534 27726 15765 2763 6718 6164 9652 1116 15099 9162 30216 321 8681 0 31620 8194 23714 23553 13159 9337 10366 12624 5774 14698 22704 30047 14844 9130 17019 8049 23548 4186 22943 14595 24344 17172 
28742 19390 16322 21535 31421 31984 28835 20823 15294 22322 13387 4180 23859 25303 8084 2319 4986 28112 18298 16423 17934 8643 20189 11663 11107 16477 387 31620 0 22009 2275 24422 15144 3161 18194 5127 17265 13059 6859 3470 23864 8594 15889 13506 28137 19370 20594 14523 14134 18066 
29698 5236 5263 2267 17236 11841 15650 1397 25030 12390 20352 28720 30548 15551 22695 2657 18187 13559 29479 1449 30748 12108 30935 16085 29999 10386 31941 8194 22009 0 29716 1947 9131 1877 27003 31818 5332 29976 15017 17115 24208 10182 19493 30019 12201 4928 3794 25486 18203 6020 
7311 21909 1220 12708 24619 18391 16127 30514 15622 2542 19194 18363 11324 24348 4932 1702 23142 32035 994 2030 17248 18685 9275 21111 15184 19404 2097 23714 2275 29716 0 24064 15423 32314 11459 14203 27899 22768 26736 15774 24790 13078 27222 26006 11840 1182 12569 26451 19482 3612 
28448 25261 30534 21548 29716 7293 18191 26470 17388 23715 4819 3509 10604 17187 14743 11488 10953 22187 7007 2213 4449 15734 32396 25270 6568 32112 24424 23553 24422 1947 24064 0 18390 8937 13459 31339 16962 19221 14117 198 12486 7758 5544 9609 10145 31251 8259 2229 26307 15097 
3080 25571 30545 26298 27476 13618 8194 22538 4479 8100 26645 3798 20548 2325 19651 18185 6456 27864 11238 14241 5548 9221 15104 15785 30163 2068 28543 13159 15144 9131 15423 18390 0 5619 29851 8897 8486 1998 604 21159 16281 16474 9328 32668 23034 5939 17977 12845 712 23461 
22368 1507 22246 16935 18868 27283 26389 801 11636 22919 8410 16937 10904 13736 2834 7162 5886 14637 926 4413 25017 937 9564 9389 18605 18760 19030 9337 3161 1877 32314 8937 5619 0 2255 10816 16514 5019 31849 10724 20069 19848 7823 32139 11692 30923 22954 4575 28652 14410 
15214 32249 12504 8426 3605 18462 10331 25546 18295 6966 8596 20439 28266 3666 5285 1209 19398 3958 7630 15040 20332 17554 10896 19320 18055 30899 530 10366 18194 27003 11459 13459 29851 2255 0 22122 26057 30717 13851 8384 2728 12475 29379 4472 24529 21709 12363 4010 5468 2319 
1936 28810 23405 17603 30834 1345 17005 3727 21482 10377 5832 14628 13945 20012 24879 15932 14215 25153 1647 13380 1368 17744 25342 19368 32061 21430 17619 12624 5127 31818 14203 31339 8897 10816 22122 0 1428 2668 8358 23779 3233 30943 19616 21999 14692 31577 22201 27671 3367 14992 
5024 3603 27672 2978 23334 4453 12986 11060 29260 31138 17202 10101 22723 1993 23129 2674 28346 24670 31596 14335 32767 31237 29780 28913 2663 23119 30507 5774 17265 5332 27899 16962 8486 16514 26057 1428 0 20367 11408 17155 20572 21868 8459 19331 13718 24882 3311 4116 8546 29389 
12786 13519 7036 22683 20728 3875 31635 11101 16093 21807 13174 14811 29740 2345 14612 27802 6244 20831 789 25329 916 17272 14096 14442 32296 29949 2047 14698 13059 29976 22768 19221 1998 5019 30717 2668 20367 0 12002 2806 7781 16969 3449 5839 23406 18330 13432 2114 5647 31560 
21219 14351 18806 10669 1589 2503 16770 26928 757 19179 7209 12864 759 1677 20103 8857 30168 21353 9144 27379 21310 27929 16704 20950 25185 28040 19114 22704 6859 15017 26736 14117 604 31849 13851 8358 11408 12002 0 9813 17935 20439 7185 4614 15117 7988 19278 885 30558 18417 
22442 18120 23627 12700 29902 5053 10129 23455 27778 32671 20012 32590 14396 97 1874 27602 19467 21800 935 1298 23242 2477 29455 563 10905 18659 7361 30047 3470 17115 15774 198 21159 10724 8384 23779 17155 2806 9813 0 16751 22442 466 9596 1897 16354 23209 30230 23326 670 
26341 12762 4673 9703 8784 17720 6537 5419 26991 17494 25848 1472 5965 21287 10632 13896 5972 31098 12701 25122 10164 27595 21134 28897 6921 22111 23393 14844 23864 24208 24790 12486 16281 20069 2728 3233 20572 7781 17935 16751 0 26604 13406 18040 1179 20372 31860 824 1986 14287 
27552 16465 16530 16063 6555 21070 12309 5134 29030 31233 2296 429 1776 18548 29105 18318 16496 22732 28513 4760 8768 15564 12366 27981 3311 4762 23187 9130 8594 10182 13078 7758 16474 19848 12475 30943 21868 16969 20439 22442 26604 0 26626 20823 14944 21180 1329 14255 27997 21251 
6967 4749 15309 30833 9928 1710 7982 579 5044 11779 14116 1986 13651 25619 12393 1234 20937 26885 21212 18662 17800 1808 24867 26649 22 11314 7060 17019 15889 19493 27222 5544 9328 7823 29379 19616 8459 3449 7185 466 13406 26626 0 10100 21621 23609 18322 9697 24680 20925 
984 7549 8626 29458 12454 16322 25620 18075 9024 26774 3829 24607 27007 14778 6949 31487 8141 12866 20084 15518 12693 15678 8132 22560 32248 5018 8546 8049 13506 30019 26006 9609 32668 32139 4472 21999 19331 5839 4614 9596 18040 20823 10100 0 18880 18903 13780 6907 10339 8827 
18706 12693 32392 1004 28669 13376 5762 18765 12325 6689 27666 17475 6290 28723 27161 16057 27599 19935 27944 31373 7570 27670 20034 8516 21406 12958 2787 23548 28137 12201 11840 10145 23034 11692 24529 14692 13718 23406 15117 1897 1179 14944 21621 18880 0 23023 10575 5457 1803 20397 
4240 11204 1198 8018 12397 9844 8971 16693 23323 24489 3310 32580 30976 7171 15111 23492 32353 19842 10983 9040 30071 17736 22965 19652 28358 12960 22306 4186 19370 4928 1182 31251 5939 30923 21709 31577 24882 18330 7988 16354 20372 21180 23609 18903 23023 0 14536 3921 14718 5955 
10401 21852 25205 9859 26811 17815 6248 10236 21661 8783 19812 8917 9446 17463 12197 9071 12102 31185 9453 17550 32573 19753 18798 17073 27685 20931 21994 22943 20594 3794 12569 8259 17977 22954 12363 22201 3311 13432 19278 23209 31860 1329 18322 13780 10575 14536 0 17531 8273 2739 
9892 9047 25769 20196 18513 11169 27417 10219 6518 16325 17208 24623 13319 5684 31936 28495 31931 24091 12866 19819 29633 7487 32630 24619 32175 9515 12752 14595 14523 25486 26451 2229 12845 4575 4010 27671 4116 2114 885 30230 824 14255 9697 6907 5457 3921 17531 0 29953 27324 
20780 10566 31159 13528 6659 4874 10700 11696 8313 2032 8328 32374 28534 13900 9657 5972 8140 22458 16478 2010 21787 19052 15023 755 498 21698 10077 24344 14134 18203 19482 26307 712 28652 5468 3367 8546 5647 30558 23326 1986 27997 24680 10339 1803 14718 8273 29953 0 4287 
4864 26946 30475 23538 679 19900 12430 30420 26372 24541 8644 31916 22601 21983 27530 53 32348 22497 30228 26404 3370 23274 28640 15695 23358 11563 14568 17172 18066 6020 3612 15097 23461 14410 2319 14992 29389 31560 18417 670 14287 21251 20925 8827 20397 5955 2739 27324 4287 0 
