50 0 0 0 0 0 0 0 0 0 0 0 0 0 0 0 0 0 0 0 0 0 0 0 0 0 0 0 0 0 0 0 0 0 0 0 0 0 0 0 0 0 0 0 0 0 0 0 0 0 
0 11675 10718 1515 27935 19070 5523 12152 26006 274 26100 17448 22784 315 1724 2519 22757 8772 7841 17884 6934 19089 1853 2135 16044 27541 14380 3531 32337 9735 26998 27373 13252 27217 28975 30395 20631 10570 8285 9936 12347 26916 8987 20982 26430 21160 10236 3325 29652 2721 
11675 0 19054 4306 9730 7939 17305 24475 10860 3721 23468 29171 15313 4497 17544 789 15145 11659 1049 209 18837 29593 7333 31123 2388 23729 23394 18340 5883 11523 331 23988 3808 25244 14899 22680 13015 29516 5658 14929 1057 24005 30912 29262 26018 20997 13177 5874 6738 29942 
10718 19054 0 17578 15013 11894 31910 30530 20539 4445 18186 29759 22882 11516 3353 9093 12932 3858 3812 16947 28810 30539 22633 10389 28164 21203 9683 22619 12172 8744 14593 9995 9064 15668 17482 6324 111 10651 20095 16101 18479 30546 13361 12253 12364 22385 10805 27140 30507 24907 
1515 4306 17578 0 21001 25484 7382 24073 25605 25767 31510 23357 4044 5603 57 2471 561 13267 13980 24124 21380 26179 471 1380 28711 7554 505 2144 31583 12510 8946 7664 8296 25200 27729 27190 1484 11290 25903 12757 22260 31183 8299 17502 6144 13586 17688 8685 14292 17857 
27935 9730 15013 21001 0 15016 23598 28333 12913 32550 10605 27088 23467 2150 2131 32029 354 12097 14877 1224 5495 2013 15692 7080 7830 23013 29707 15111 24513 21752 17874 22710 13585 5471 75 14180 2488 19714 31605 23856 2890 9373 17672 25725 32317 10543 22297 6917 22447 22964 
19070 7939 11894 25484 15016 0 30877 17229 7553 15233 30754 3044 5485 19749 13248 31896 19155 28377 1745 3993 30632 378 14815 21557 25713 9306 8058 24415 444 26602 16200 16752 25039 3998 17246 25901 26271 26381 7118 31753 14339 28247 3202 23468 22058 25037 6472 28853 23626 24780 
5523 17305 31910 7382 23598 30877 0 29048 15940 18459 4932 13039 4088 32323 28088 20036 9311 3479 1406 26744 24299 15252 29891 29742 4185 1873 6316 28704 31317 8584 24595 5586 12890 14066 21390 19589 26584 216 31409 29807 20889 20455 660 24106 18021 1348 18840 617 17635 11745 
12152 24475 30530 24073 28333 17229 29048 0 18260 28095 11980 29163 26896 12361 13507 4057 5458 32571 23502 21467 11729 4582 14828 17495 356 5086 31045 27761 20765 3264 31705 8172 14233 20784 21368 29267 26262 8486 8690 9561 28358 22378 13711 4734 1508 20061 30145 21491 32516 24058 
26006 10860 20539 25605 12913 7553 15940 18260 0 10535 19803 17614 782 16323 17335 29310 11301 19820 8137 18910 26754 21693 12769 23757 18538 6284 30426 13297 13946 29846 32002 4877 4520 6774 19517 9106 17549 18140 5478 14712 15842 17147 11509 9807 28233 17988 5351 20113 12110 3154 
274 3721 4445 25767 32550 15233 18459 28095 10535 0 13927 22542 1780 32675 25041 13010 17234 4976 1349 12477 25074 32706 14565 27909 31638 27501 21550 3975 1784 11145 20293 20428 6850 23698 6804 17740 14271 4811 8342 26866 28496 9704 26096 27617 31265 23533 31680 18293 4893 30545 
26100 23468 18186 31510 10605 30754 4932 11980 19803 13927 0 2119 141 6214 278 24001 24782 8654 28155 3355 23048 5445 18339 4676 1352 28731 23916 28722 6830 14973 7600 14301 31630 19110 24328 10091 9175 17657 10959 13741 1716 18542 11498 7627 6769 32267 11462 16187 6048 32373 
17448 29171 29759 23357 27088 3044 13039 29163 17614 22542 2119 0 21269 7174 26427 27424 15747 16097 8202 16896 25030 32122 7862 14535 2755 18670 13236 5852 31531 13481 20358 17071 24337 30884 14066 13333 1977 17645 13172 8692 26036 2665 21489 12065 29994 7381 4526 6789 4214 21011 
22784 15313 22882 4044 23467 5485 4088 26896 782 1780 141 21269 0 25728 5859 25260 11605 4816 24120 3712 25342 17743 903 31405 11794 11055 6595 8201 17740 18880 23730 16220 29768 1445 25684 6704 14339 14406 25479 31209 8354 25990 13801 14613 23672 26038 16637 17158 4162 6089 
315 4497 11516 5603 2150 19749 32323 12361 16323 32675 6214 7174 25728 0 6099 32380 7101 19067 7117 19430 7342 15462 31523 27677 5780 6734 12305 18287 10444 21908 8019 32598 16661 23200 3575 5123 22020 8329 30072 7964 20922 22519 27144 1986 212 15685 1836 21462 6563 20971 
1724 17544 3353 57 2131 13248 28088 13507 17335 25041 278 26427 5859 6099 0 16227 26584 10822 23333 15798 25472 15247 13716 11285 23723 14972 18981 6442 27281 3837 25206 13586 4678 25831 18469 28879 26456 3336 6299 24062 7095 121 25098 8906 730 31284 11700 5665 19487 23270 
2519 789 9093 2471 32029 31896 20036 4057 29310 13010 24001 27424 25260 32380 16227 0 2755 21232 21382 29234 28568 24636 10273 16966 26305 17349 411 23080 2723 20874 23470 11219 8472 29404 20232 20368 18820 21283 9731 13527 23843 9700 5528 5753 30117 10752 11922 30204 19965 20029 
22757 15145 12932 561 354 19155 9311 5458 11301 17234 24782 15747 11605 7101 26584 2755 0 11136 11033 24361 13594 23915 6604 1179 25059 4897 13332 2767 15289 27961 15636 21733 12766 10575 18958 6163 6139 11194 21572 22782 21797 15744 24094 8008 8223 4743 28557 4971 11489 27661 
8772 11659 3858 13267 12097 28377 3479 32571 19820 4976 8654 16097 4816 19067 10822 21232 11136 0 30313 16498 17635 28460 7170 22868 22780 10579 5193 7016 28741 8470 13029 29216 14983 28912 23072 935 26453 30762 21827 2274 10498 28935 31015 695 4050 11809 16137 12429 4464 782 
7841 1049 3812 13980 14877 1745 1406 23502 8137 1349 28155 8202 24120 7117 23333 21382 11033 30313 0 3514 23441 32047 13870 18606 23586 18459 17979 18851 18471 7665 16342 20431 22417 30034 21995 22340 15351 19308 16752 8416 26545 29067 12204 8836 19523 25842 16823 13193 5117 9451 
17884 209 16947 24124 1224 3993 26744 21467 18910 12477 3355 16896 3712 19430 15798 29234 24361 16498 3514 0 20635 11205 20982 12286 29582 15639 19555 2002 14628 5750 22665 23185 25492 16845 4151 10327 23856 13925 14361 11225 29436 16420 1262 22978 10621 18451 11513 11099 8148 8742 
6934 18837 28810 21380 5495 30632 24299 11729 26754 25074 23048 25030 25342 7342 25472 28568 13594 17635 23441 20635 0 28376 6563 8234 31778 18903 27365 30677 12469 30294 28618 17166 15763 19745 824 25738 9877 23537 18556 29763 22659 16288 11178 20804 31384 23200 32068 20930 5446 31662 
19089 29593 30539 26179 2013 378 15252 4582 21693 32706 5445 32122 17743 15462 15247 24636 23915 28460 32047 11205 28376 0 9144 19136 8591 366 11678 22663 3351 30299 26152 21184 32562 8135 947 10261 25574 14807 2154 30830 14700 11336 20768 12153 11169 14102 21085 17511 12223 20061 
1853 7333 22633 471 15692 14815 29891 14828 12769 14565 18339 7862 903 31523 13716 10273 6604 7170 13870 20982 6563 9144 0 20829 12472 7768 14114 21229 1696 25485 28187 24027 11888 13602 30778 8635 15718 28346 19147 18274 11049 24106 11307 12635 20333 19856 19598 19613 24280 32679 
2135 31123 10389 1380 7080 21557 29742 17495 23757 27909 4676 14535 31405 27677 11285 16966 1179 22868 18606 12286 8234 19136 20829 0 3612 9467 24633 16951 9765 12199 30414 3297 23442 19354 29041 8679 8891 30143 15572 11546 32186 30053 12144 22054 4995 3584 20281 7802 18740 23090 
16044 2388 28164 28711 7830 25713 4185 356 18538 31638 1352 2755 11794 5780 23723 26305 25059 22780 23586 29582 31778 8591 12472 3612 0 16284 9212 32024 15018 15866 5638 20987 7688 18759 5975 27703 27310 31571 15400 5482 7962 11202 17502 10399 31810 27332 6770 2200 2457 8 
27541 23729 21203 7554 23013 9306 1873 5086 6284 27501 28731 18670 11055 6734 14972 17349 4897 10579 18459 15639 18903 366 7768 9467 16284 0 11217 1449 7570 29197 31639 667 18881 32499 28470 13885 687 14240 31507 7296 32368 19571 21900 28185 6319 15661 2635 3469 22185 11283 
14380 23394 9683 505 29707 8058 6316 31045 30426 21550 23916 13236 6595 12305 18981 411 13332 5193 17979 19555 27365 11678 14114 24633 9212 11217 0 1542 26210 21469 29607 19869 15160 15362 20562 250 9231 1230 4107 25052 10753 14133 28042 10412 7767 774 9379 19826 24240 21886 
3531 18340 22619 2144 15111 24415 28704 27761 13297 3975 28722 5852 8201 18287 6442 23080 2767 7016 18851 2002 30677 22663 21229 16951 32024 1449 1542 0 32392 8898 31198 32738 24355 27666 25221 31555 6388 7025 678 29158 20162 2010 20650 21214 8130 21680 15525 5988 27430 32264 
32337 5883 12172 31583 24513 444 31317 20765 13946 1784 6830 31531 17740 10444 27281 2723 15289 28741 18471 14628 12469 3351 1696 9765 15018 7570 26210 32392 0 19908 8688 29026 18400 25056 31815 15901 12199 4017 25150 4508 7566 15580 15599 5560 15050 9923 4459 31451 16785 19898 
9735 11523 8744 12510 21752 26602 8584 3264 29846 11145 14973 13481 18880 21908 3837 20874 27961 8470 7665 5750 30294 30299 25485 12199 15866 29197 21469 8898 19908 0 10186 32100 6109 31594 11043 23778 18973 12902 31084 12906 8114 23542 12898 23365 18571 2372 1763 12806 20123 7074 
26998 331 14593 8946 17874 16200 24595 31705 32002 20293 7600 20358 23730 8019 25206 23470 15636 13029 16342 22665 28618 26152 28187 30414 5638 31639 29607 31198 8688 10186 0 2956 12855 22303 8854 5450 25339 5147 15733 16861 7329 27512 29110 10497 3242 3530 11406 14211 11155 28710 
27373 23988 9995 7664 22710 16752 5586 8172 4877 20428 14301 17071 16220 32598 13586 11219 21733 29216 20431 23185 17166 21184 24027 3297 20987 667 19869 32738 29026 32100 2956 0 2409 16249 1755 3547 5074 30963 4686 10460 28403 16626 10595 19099 6742 6541 17669 30461 10647 6225 
13252 3808 9064 8296 13585 25039 12890 14233 4520 6850 31630 24337 29768 16661 4678 8472 12766 14983 22417 25492 15763 32562 11888 23442 7688 18881 15160 24355 18400 6109 12855 2409 0 30383 13858 24313 12904 13878 14293 13069 25358 5428 25427 21395 15529 4592 19501 5612 19766 19801 
27217 25244 15668 25200 5471 3998 14066 20784 6774 23698 19110 30884 1445 23200 25831 29404 10575 28912 30034 16845 19745 8135 13602 19354 18759 32499 15362 27666 25056 31594 22303 16249 30383 0 8251 6811 6407 24056 1598 6496 12852 14417 3272 1223 10069 24240 15935 31101 13318 2458 
28975 14899 17482 27729 75 17246 21390 21368 19517 6804 24328 14066 25684 3575 18469 20232 18958 23072 21995 4151 824 947 30778 29041 5975 28470 20562 25221 31815 11043 8854 1755 13858 8251 0 31856 23795 7999 7291 20581 15441 21886 23562 3207 5971 31720 9691 17503 19065 22273 
30395 22680 6324 27190 14180 25901 19589 29267 9106 17740 10091 13333 6704 5123 28879 20368 6163 935 22340 10327 25738 10261 8635 8679 27703 13885 250 31555 15901 23778 5450 3547 24313 6811 31856 0 11529 27702 23047 17231 2431 30682 22293 25636 2178 27204 30787 7912 9898 27580 
20631 13015 111 1484 2488 26271 26584 26262 17549 14271 9175 1977 14339 22020 26456 18820 6139 26453 15351 23856 9877 25574 15718 8891 27310 687 9231 6388 12199 18973 25339 5074 12904 6407 23795 11529 0 25499 21129 24787 10457 15056 2158 3556 15854 7124 23875 18933 29420 27749 
10570 29516 10651 11290 19714 26381 216 8486 18140 4811 17657 17645 14406 8329 3336 21283 11194 30762 19308 13925 23537 14807 28346 30143 31571 14240 1230 7025 4017 12902 5147 30963 13878 24056 7999 27702 25499 0 32708 10990 6602 27840 13864 18254 23924 25895 29131 5189 27992 19659 
8285 5658 20095 25903 31605 7118 31409 8690 5478 8342 10959 13172 25479 30072 6299 9731 21572 21827 16752 14361 18556 2154 19147 15572 15400 31507 4107 678 25150 31084 15733 4686 14293 1598 7291 23047 21129 32708 0 5204 28389 15270 11288 24002 28530 13141 8461 8350 7021 26538 
9936 14929 16101 12757 23856 31753 29807 9561 14712 26866 13741 8692 31209 7964 24062 13527 22782 2274 8416 11225 29763 30830 18274 11546 5482 7296 25052 29158 4508 12906 16861 10460 13069 6496 20581 17231 24787 10990 5204 0 30969 24899 16288 24128 6140 15817 26215 4263 18514 31046 
12347 1057 18479 22260 2890 14339 20889 28358 15842 28496 1716 26036 8354 20922 7095 23843 21797 10498 26545 29436 22659 14700 11049 32186 7962 32368 10753 20162 7566 8114 7329 28403 25358 12852 15441 2431 10457 6602 28389 30969 0 14382 3310 11625 12862 9508 4073 15485 11949 6779 
26916 24005 30546 31183 9373 28247 20455 22378 17147 9704 18542 2665 25990 22519 121 9700 15744 28935 29067 16420 16288 11336 24106 30053 11202 19571 14133 2010 15580 23542 27512 16626 5428 14417 21886 30682 15056 27840 15270 24899 14382 0 5509 14705 22918 27102 3556 21402 15660 32430 
8987 30912 13361 8299 17672 3202 660 13711 11509 26096 11498 21489 13801 27144 25098 5528 24094 31015 12204 1262 11178 20768 11307 12144 17502 21900 28042 20650 15599 12898 29110 10595 25427 3272 23562 22293 2158 13864 11288 16288 3310 5509 0 9855 11379 16000 12002 21273 29421 23758 
20982 29262 12253 17502 25725 23468 24106 4734 9807 27617 7627 12065 14613 1986 8906 5753 8008 695 8836 22978 20804 12153 12635 22054 10399 28185 10412 21214 5560 23365 10497 19099 21395 1223 3207 25636 3556 18254 24002 24128 11625 14705 9855 0 6283 24219 7109 2052 31775 15288 
26430 26018 12364 6144 32317 22058 18021 1508 28233 31265 6769 29994 23672 212 730 30117 8223 4050 19523 10621 31384 11169 20333 4995 31810 6319 7767 8130 15050 18571 3242 6742 15529 10069 5971 2178 15854 23924 28530 6140 12862 22918 11379 6283 0 20721 17264 2361 13974 9933 
21160 20997 22385 13586 10543 25037 1348 20061 17988 23533 32267 7381 26038 15685 31284 10752 4743 11809 25842 18451 23200 14102 19856 3584 27332 15661 774 21680 9923 2372 3530 6541 4592 24240 31720 27204 7124 25895 13141 15817 9508 27102 16000 24219 20721 0 10149 14122 17597 13057 
10236 13177 10805 17688 22297 6472 18840 30145 5351 31680 11462 4526 16637 1836 11700 11922 28557 16137 16823 11513 32068 21085 19598 20281 6770 2635 9379 15525 4459 1763 11406 17669 19501 15935 9691 30787 23875 29131 8461 26215 4073 3556 12002 7109 17264 10149 0 9307 25236 14141 
3325 5874 27140 8685 6917 28853 617 21491 20113 18293 16187 6789 17158 21462 5665 30204 4971 12429 13193 11099 20930 17511 19613 7802 2200 3469 19826 5988 31451 12806 14211 30461 5612 31101 17503 7912 18933 5189 8350 4263 15485 21402 21273 2052 2361 14122 9307 0 27992 15473 
29652 6738 30507 14292 22447 23626 17635 32516 12110 4893 6048 4214 4162 6563 19487 19965 11489 4464 5117 8148 5446 12223 24280 18740 2457 22185 24240 27430 16785 20123 11155 10647 19766 13318 19065 9898 29420 27992 7021 18514 11949 15660 29421 31775 13974 17597 25236 27992 0 4560 
2721 29942 24907 17857 22964 24780 11745 24058 3154 30545 32373 21011 6089 20971 23270 20029 27661 782 9451 8742 31662 20061 32679 23090 8 11283 21886 32264 19898 7074 28710 6225 19801 2458 22273 27580 27749 19659 26538 31046 6779 32430 23758 15288 9933 13057 14141 15473 4560 0 
