50 0 0 0 0 0 0 0 0 0 0 0 0 0 0 0 0 0 0 0 0 0 0 0 0 0 0 0 0 0 0 0 0 0 0 0 0 0 0 0 0 0 0 0 0 0 0 0 0 0 
0 9501 24639 8195 3278 8461 8670 30533 28337 231 7957 23916 9909 12601 18253 31048 21656 11404 2797 478 29158 29867 27275 24523 16592 3360 29288 14827 26944 6911 13851 12602 30762 3559 8333 20475 13605 30278 11301 28695 570 27869 22340 7368 14844 12164 26868 13176 16345 22320 
9501 0 7921 24320 28045 20687 6853 9706 15012 32678 28959 5873 5292 9162 25623 26807 1859 18733 31691 1597 8593 29445 10433 15033 31188 15422 8591 7082 9760 2093 16314 25897 3684 6022 24540 15490 15280 5520 2313 3332 2230 29080 24435 29461 22415 6307 9805 27017 12479 25448 
24639 7921 0 7051 26568 24052 28429 13054 24974 10883 25920 15282 10864 30477 28854 20628 7982 27913 11558 16494 24283 10536 12809 23151 20559 10742 2484 32747 18396 3522 10918 24420 8517 9152 26398 31946 25068 5228 1778 27390 14155 9522 32667 23197 26021 23372 32404 25083 31486 491 
8195 24320 7051 0 6304 5747 22955 1900 23669 22731 24975 1840 25880 16271 7252 15152 23959 9833 23207 18333 17163 1113 23269 27771 9276 12231 13287 24667 127 13529 14588 12106 18915 12802 31543 12809 20109 28380 19435 29055 3424 8504 25716 2668 14818 5235 5945 25951 29530 9995 
3278 28045 26568 6304 0 28064 13858 787 11516 5320 23611 11876 12410 5529 30133 1712 3599 5344 25885 11705 32641 1645 8421 6846 20109 12503 794 23136 18491 31362 11607 16836 18038 9182 5369 22777 988 21234 2965 156 11731 5146 22439 5819 26845 13324 12685 7927 15149 5921 
8461 20687 24052 5747 28064 0 5049 8570 1825 20994 28767 14064 20150 24957 8914 27746 32510 7531 17854 29083 6010 24556 8474 31469 6338 14282 2832 4486 31369 4460 3102 2564 24292 6157 2685 21835 26312 9006 195 8086 19410 17481 964 29133 9035 18632 7102 18711 28266 17461 
8670 6853 28429 22955 13858 5049 0 23969 10039 13750 28330 4418 23434 15802 17899 25639 5337 23783 14592 18369 3635 9260 11793 4331 27740 32636 13745 22248 27594 2799 11892 24493 22229 16167 21186 32097 6187 30960 9451 290 32130 8236 28027 9993 32401 29166 16335 8049 7232 12772 
30533 9706 13054 1900 787 8570 23969 0 18005 11170 11793 6939 1125 11122 6847 15864 2625 21577 8249 4761 14865 21859 4568 1281 29138 25079 17587 30451 20852 16848 29919 2851 10306 23578 27635 7340 3458 12409 3279 30403 26718 29280 10398 8362 27394 15009 16665 20967 17670 832 
28337 15012 24974 23669 11516 1825 10039 18005 0 19768 16820 5392 18945 21612 27033 31257 29263 18709 26176 29223 25226 14158 27690 14719 23505 24639 10151 29738 15968 22622 7432 7260 20843 14066 17684 27669 2347 31454 31165 1543 32566 2204 1811 25016 4372 25991 29816 16104 22798 5214 
231 32678 10883 22731 5320 20994 13750 11170 19768 0 20279 31456 28178 22220 15868 554 22987 9353 9482 23408 4179 8841 6959 4342 32034 15592 22734 6830 32591 13012 26435 8975 25109 6146 7047 23080 23188 13921 8213 2805 28377 9229 4621 26353 27169 8583 30103 15340 16985 5155 
7957 28959 25920 24975 23611 28767 28330 11793 16820 20279 0 16343 17122 7351 17204 10511 6933 17559 27199 28458 20238 6351 10081 30256 20470 1628 22914 27160 16665 6658 24991 16463 7769 19444 17115 3702 21216 10933 5334 6763 5146 26941 15426 18315 5347 5216 7603 17718 25853 29547 
23916 5873 15282 1840 11876 14064 4418 6939 5392 31456 16343 0 25175 21766 7383 22981 11243 27998 14681 20201 16782 3402 32125 25682 29970 6630 29789 6824 23272 19955 17365 29496 9913 26347 7241 31660 14163 13394 12710 11771 21959 32079 25002 14494 27600 28795 27496 772 13686 4601 
9909 5292 10864 25880 12410 20150 23434 1125 18945 28178 17122 25175 0 31320 17081 28516 1912 14245 17805 471 2346 27744 30654 24174 10019 9476 145 13697 26918 19998 21505 7796 32323 32017 29556 17565 10531 4639 4783 5990 4770 22437 13576 16820 13983 677 5851 27783 24336 14474 
12601 9162 30477 16271 5529 24957 15802 11122 21612 22220 7351 21766 31320 0 11423 12148 26131 11434 29527 18875 4974 4666 3371 2240 32306 12838 27289 1167 32733 12373 16129 25866 27925 9003 3711 27457 8363 15737 3864 28932 21470 179 8473 4790 10210 19297 25276 30564 1184 22489 
18253 25623 28854 7252 30133 8914 17899 6847 27033 15868 17204 7383 17081 11423 0 17384 25650 11516 30197 2682 22024 11590 4745 19786 31991 16447 20936 2312 14869 32125 11179 15321 10753 24103 15077 6495 5082 3866 10620 23548 28784 10828 22425 5971 23993 23409 12445 12304 4742 13276 
31048 26807 20628 15152 1712 27746 25639 15864 31257 554 10511 22981 28516 12148 17384 0 4851 15633 155 4008 7166 29829 31475 19670 20927 29354 30931 30050 2118 9933 7202 28007 23041 12425 24465 30098 10985 31062 8420 18255 25307 6243 31854 11586 25411 29862 7645 11257 31744 22833 
21656 1859 7982 23959 3599 32510 5337 2625 29263 22987 6933 11243 1912 26131 25650 4851 0 3109 17883 14286 19197 23314 15316 24486 2381 3509 18588 5879 32603 29684 10510 21948 19684 19925 19618 1857 23065 20153 18082 1425 14443 16872 19358 8208 20902 29774 20258 29028 6466 18307 
11404 18733 27913 9833 5344 7531 23783 21577 18709 9353 17559 27998 14245 11434 11516 15633 3109 0 12405 11899 31947 8769 8129 18443 1376 3174 14960 17020 11414 32488 8770 2289 1536 7500 10785 4494 23779 15865 21116 31563 25013 3246 8435 2568 27878 23858 5941 13537 15071 587 
2797 31691 11558 23207 25885 17854 14592 8249 26176 9482 27199 14681 17805 29527 30197 155 17883 12405 0 31364 9903 3357 381 27852 7071 11467 29083 651 1828 24002 26089 16679 5648 19140 16831 24069 6951 24298 5340 13579 5779 11852 9332 9323 32154 19937 5768 12703 5775 7849 
478 1597 16494 18333 11705 29083 18369 4761 29223 23408 28458 20201 471 18875 2682 4008 14286 11899 31364 0 14344 14460 28716 25450 8551 4703 21914 24629 17321 32067 8096 8111 8616 30965 20484 31290 25959 14647 17503 29102 6581 31698 27363 11787 8981 4335 4185 7795 31709 2466 
29158 8593 24283 17163 32641 6010 3635 14865 25226 4179 20238 16782 2346 4974 22024 7166 19197 31947 9903 14344 0 10998 29478 5344 16051 30918 16075 31908 4282 30974 27947 14474 16824 27654 13702 5567 11444 5990 6304 3597 20301 5009 21111 8637 28431 739 57 17600 29957 21992 
29867 29445 10536 1113 1645 24556 9260 21859 14158 8841 6351 3402 27744 4666 11590 29829 23314 8769 3357 14460 10998 0 7444 13503 598 32214 28319 6726 11288 3012 14951 13009 30319 30106 25857 21485 1300 2121 24432 21069 17659 17677 8711 1057 19537 19553 2703 2475 6083 8496 
27275 10433 12809 23269 8421 8474 11793 4568 27690 6959 10081 32125 30654 3371 4745 31475 15316 8129 381 28716 29478 7444 0 7117 11914 3271 23584 28418 29436 17275 32587 3812 16712 23929 17339 927 20428 23356 15482 18662 26176 6496 15263 5880 19885 24519 18398 22755 10394 26620 
24523 15033 23151 27771 6846 31469 4331 1281 14719 4342 30256 25682 24174 2240 19786 19670 24486 18443 27852 25450 5344 13503 7117 0 10122 28866 7954 5267 12613 1644 75 3488 28340 20790 30844 8328 6156 22975 23639 11456 27252 10561 17517 6428 10276 11302 31853 260 24530 11998 
16592 31188 20559 9276 20109 6338 27740 29138 23505 32034 20470 29970 10019 32306 31991 20927 2381 1376 7071 8551 16051 598 11914 10122 0 4315 27786 29312 25535 4297 19956 15743 8633 2143 24095 17856 6724 32659 13694 13616 6400 15750 7666 26789 16205 28871 21758 14394 15902 2265 
3360 15422 10742 12231 12503 14282 32636 25079 24639 15592 1628 6630 9476 12838 16447 29354 3509 3174 11467 4703 30918 32214 3271 28866 4315 0 22314 32525 20930 981 29671 15067 26430 11890 32114 8818 17951 21419 9922 7957 16982 13742 6021 9819 32661 11610 30079 28923 5071 11703 
29288 8591 2484 13287 794 2832 13745 17587 10151 22734 22914 29789 145 27289 20936 30931 18588 14960 29083 21914 16075 28319 23584 7954 27786 22314 0 28635 20243 4409 4726 10318 2466 4481 23282 9920 8377 18839 10234 14900 13329 27714 12953 7613 296 304 11917 9214 2995 10910 
14827 7082 32747 24667 23136 4486 22248 30451 29738 6830 27160 6824 13697 1167 2312 30050 5879 17020 651 24629 31908 6726 28418 5267 29312 32525 28635 0 14851 7843 3587 18960 23945 172 19323 3159 21852 2151 948 30492 12185 29074 15203 17851 31257 11823 10268 18898 6416 9626 
26944 9760 18396 127 18491 31369 27594 20852 15968 32591 16665 23272 26918 32733 14869 2118 32603 11414 1828 17321 4282 11288 29436 12613 25535 20930 20243 14851 0 23060 15453 5736 13515 24981 27768 32508 3413 17580 30481 2950 15628 5100 32417 1094 1912 7710 12278 22443 12809 766 
6911 2093 3522 13529 31362 4460 2799 16848 22622 13012 6658 19955 19998 12373 32125 9933 29684 32488 24002 32067 30974 3012 17275 1644 4297 981 4409 7843 23060 0 6713 3255 27027 3403 18599 3070 14895 22128 23368 19219 32254 19886 6406 16962 25400 22590 21193 15442 860 21877 
13851 16314 10918 14588 11607 3102 11892 29919 7432 26435 24991 17365 21505 16129 11179 7202 10510 8770 26089 8096 27947 14951 32587 75 19956 29671 4726 3587 15453 6713 0 1849 16707 20936 29146 2196 29179 31578 15853 15230 753 22245 26278 992 16140 9 13150 32571 23646 23831 
12602 25897 24420 12106 16836 2564 24493 2851 7260 8975 16463 29496 7796 25866 15321 28007 21948 2289 16679 8111 14474 13009 3812 3488 15743 15067 10318 18960 5736 3255 1849 0 9997 21666 2927 28850 6522 13350 18832 11452 20912 3325 3019 21249 11847 27222 3554 20881 17754 19533 
30762 3684 8517 18915 18038 24292 22229 10306 20843 25109 7769 9913 32323 27925 10753 23041 19684 1536 5648 8616 16824 30319 16712 28340 8633 26430 2466 23945 13515 27027 16707 9997 0 9621 21463 1189 22661 12441 10143 25204 28127 21998 1278 21920 10403 6612 17214 78 23952 8907 
3559 6022 9152 12802 9182 6157 16167 23578 14066 6146 19444 26347 32017 9003 24103 12425 19925 7500 19140 30965 27654 30106 23929 20790 2143 11890 4481 172 24981 3403 20936 21666 9621 0 32024 29203 21567 11884 30590 29222 23677 22563 26482 14830 12504 17880 26464 24079 19934 20386 
8333 24540 26398 31543 5369 2685 21186 27635 17684 7047 17115 7241 29556 3711 15077 24465 19618 10785 16831 20484 13702 25857 17339 30844 24095 32114 23282 19323 27768 18599 29146 2927 21463 32024 0 17254 27188 25691 17131 2286 29139 7769 32288 21489 1040 16703 13699 13648 31438 8727 
20475 15490 31946 12809 22777 21835 32097 7340 27669 23080 3702 31660 17565 27457 6495 30098 1857 4494 24069 31290 5567 21485 927 8328 17856 8818 9920 3159 32508 3070 2196 28850 1189 29203 17254 0 12761 22919 1013 10669 20019 31074 18277 20181 4566 995 17909 4782 16485 8698 
13605 15280 25068 20109 988 26312 6187 3458 2347 23188 21216 14163 10531 8363 5082 10985 23065 23779 6951 25959 11444 1300 20428 6156 6724 17951 8377 21852 3413 14895 29179 6522 22661 21567 27188 12761 0 1417 6548 13339 25629 25273 11609 27218 12650 17377 25797 29476 30877 30210 
30278 5520 5228 28380 21234 9006 30960 12409 31454 13921 10933 13394 4639 15737 3866 31062 20153 15865 24298 14647 5990 2121 23356 22975 32659 21419 18839 2151 17580 22128 31578 13350 12441 11884 25691 22919 1417 0 18032 15098 24755 27918 14625 32400 6764 14548 5583 16961 10858 4742 
11301 2313 1778 19435 2965 195 9451 3279 31165 8213 5334 12710 4783 3864 10620 8420 18082 21116 5340 17503 6304 24432 15482 23639 13694 9922 10234 948 30481 23368 15853 18832 10143 30590 17131 1013 6548 18032 0 12118 12708 6640 5134 11304 24794 5412 8302 13536 25943 30740 
28695 3332 27390 29055 156 8086 290 30403 1543 2805 6763 11771 5990 28932 23548 18255 1425 31563 13579 29102 3597 21069 18662 11456 13616 7957 14900 30492 2950 19219 15230 11452 25204 29222 2286 10669 13339 15098 12118 0 9643 4829 8940 18715 16160 238 5322 26829 25732 18249 
570 2230 14155 3424 11731 19410 32130 26718 32566 28377 5146 21959 4770 21470 28784 25307 14443 25013 5779 6581 20301 17659 26176 27252 6400 16982 13329 12185 15628 32254 753 20912 28127 23677 29139 20019 25629 24755 12708 9643 0 16331 2069 4864 11722 25804 29369 26262 13389 1657 
27869 29080 9522 8504 5146 17481 8236 29280 2204 9229 26941 32079 22437 179 10828 6243 16872 3246 11852 31698 5009 17677 6496 10561 15750 13742 27714 29074 5100 19886 22245 3325 21998 22563 7769 31074 25273 27918 6640 4829 16331 0 4416 23882 10956 1835 215 10682 1397 32046 
22340 24435 32667 25716 22439 964 28027 10398 1811 4621 15426 25002 13576 8473 22425 31854 19358 8435 9332 27363 21111 8711 15263 17517 7666 6021 12953 15203 32417 6406 26278 3019 1278 26482 32288 18277 11609 14625 5134 8940 2069 4416 0 10222 26741 11029 5098 20292 5926 3125 
7368 29461 23197 2668 5819 29133 9993 8362 25016 26353 18315 14494 16820 4790 5971 11586 8208 2568 9323 11787 8637 1057 5880 6428 26789 9819 7613 17851 1094 16962 992 21249 21920 14830 21489 20181 27218 32400 11304 18715 4864 23882 10222 0 8795 32629 17115 25718 16005 5597 
14844 22415 26021 14818 26845 9035 32401 27394 4372 27169 5347 27600 13983 10210 23993 25411 20902 27878 32154 8981 28431 19537 19885 10276 16205 32661 296 31257 1912 25400 16140 11847 10403 12504 1040 4566 12650 6764 24794 16160 11722 10956 26741 8795 0 24174 23615 23389 12101 25629 
12164 6307 23372 5235 13324 18632 29166 15009 25991 8583 5216 28795 677 19297 23409 29862 29774 23858 19937 4335 739 19553 24519 11302 28871 11610 304 11823 7710 22590 9 27222 6612 17880 16703 995 17377 14548 5412 238 25804 1835 11029 32629 24174 0 16730 15205 29663 18787 
26868 9805 32404 5945 12685 7102 16335 16665 29816 30103 7603 27496 5851 25276 12445 7645 20258 5941 5768 4185 57 2703 18398 31853 21758 30079 11917 10268 12278 21193 13150 3554 17214 26464 13699 17909 25797 5583 8302 5322 29369 215 5098 17115 23615 16730 0 21643 16176 13423 
13176 27017 25083 25951 7927 18711 8049 20967 16104 15340 17718 772 27783 30564 12304 11257 29028 13537 12703 7795 17600 2475 22755 260 14394 28923 9214 18898 22443 15442 32571 20881 78 24079 13648 4782 29476 16961 13536 26829 26262 10682 20292 25718 23389 15205 21643 0 14549 16866 
16345 12479 31486 29530 15149 28266 7232 17670 22798 16985 25853 13686 24336 1184 4742 31744 6466 15071 5775 31709 29957 6083 10394 24530 15902 5071 2995 6416 12809 860 23646 17754 23952 19934 31438 16485 30877 10858 25943 25732 13389 1397 5926 16005 12101 29663 16176 14549 0 4151 
22320 25448 491 9995 5921 17461 12772 832 5214 5155 29547 4601 14474 22489 13276 22833 18307 587 7849 2466 21992 8496 26620 11998 2265 11703 10910 9626 766 21877 23831 19533 8907 20386 8727 8698 30210 4742 30740 18249 1657 32046 3125 5597 25629 18787 13423 16866 4151 0 
