50 0 0 0 0 0 0 0 0 0 0 0 0 0 0 0 0 0 0 0 0 0 0 0 0 0 0 0 0 0 0 0 0 0 0 0 0 0 0 0 0 0 0 0 0 0 0 0 0 0 
0 19699 29280 32268 5982 4925 20641 14815 29113 11139 12832 4227 16540 5773 1918 7790 32211 23205 12038 16521 14721 22537 13904 21063 5852 28067 23335 7669 25146 16893 20392 29524 25676 17519 1452 6245 22185 15003 1384 2181 7567 28187 4946 13753 10981 20089 10567 16459 11909 7007 
19699 0 4210 9145 23228 24937 25215 15706 27318 9563 8944 19952 1952 32562 17393 24557 8353 21091 9136 23905 16101 7551 22389 9670 8020 23576 14580 3329 129 31718 10719 26534 14566 10538 16831 2171 26958 30290 23043 21311 24466 8926 11354 18605 32136 1411 30526 12220 14393 23950 
29280 4210 0 3542 30419 17183 27269 18151 4606 2106 17576 10457 6858 25875 15510 13550 28178 3164 3217 27266 929 25713 31380 5560 28946 29100 85 25201 20471 1781 20616 18306 19257 28825 7525 7718 22464 3420 17517 31154 23636 2514 17257 5000 19651 12778 6836 24398 31812 3276 
32268 9145 3542 0 12327 31936 17223 5432 1179 21720 951 16513 22236 19827 20573 30302 20836 30533 15360 16403 4835 14603 9023 14723 13720 24713 17547 10329 11488 24791 16469 2664 11532 8669 21892 8016 4472 1309 28202 12642 29914 944 20599 8646 28631 2451 2030 31706 12764 29219 
5982 23228 30419 12327 0 10567 10611 13450 21972 7165 6101 6806 30569 6655 17622 2529 15604 14015 29554 4276 30767 12444 16920 6768 2356 19923 13002 14888 5561 12720 31363 3955 8600 32265 7134 14720 11411 21741 4341 3179 14678 3736 2183 31951 25021 14251 31326 30109 23639 11162 
4925 24937 17183 31936 10567 0 7362 5684 32684 22915 28105 6815 14116 26693 7470 15441 4194 22428 12301 4679 19648 21693 28205 23850 32647 15941 22935 30611 30755 29847 20581 30603 2198 17800 19677 9557 15403 14137 30655 11120 21100 13892 219 9176 4694 27419 29158 26253 18890 15021 
20641 25215 27269 17223 10611 7362 0 22276 8071 23102 25207 23390 29882 21218 25425 16584 4013 30551 29911 15578 18592 18185 5761 17706 2823 21045 27144 20096 26353 22716 7658 30796 3497 5944 32041 14421 32156 30286 2131 23219 24954 4163 15304 27135 26272 16593 26423 21449 3765 13115 
14815 15706 18151 5432 13450 5684 22276 0 17920 5528 22653 21377 25303 32555 4627 30723 12603 28835 3164 21037 4988 5772 1148 6799 5964 31744 24024 9503 20881 32299 29323 12000 30842 13586 29724 10954 28625 13717 12398 4582 15248 20659 20216 31416 3255 13325 23094 31715 23644 4013 
29113 27318 4606 1179 21972 32684 8071 17920 0 11923 4903 1318 3154 12452 30265 31906 2482 7416 21266 10815 13794 11647 32664 22628 14238 19835 14316 13373 16643 20214 32010 29900 4438 16497 17073 1089 8202 14047 28804 8076 5373 8145 31346 8240 29186 28659 5204 25690 4516 16823 
11139 9563 2106 21720 7165 22915 23102 5528 11923 0 552 1660 15132 18734 23733 18247 13982 10812 23115 5207 19059 11809 4423 29255 21243 11622 23128 7782 10092 13635 17559 27003 9350 22141 7128 3015 15237 6035 30015 5707 6492 19994 30230 25932 14881 25445 18654 14356 31939 18537 
12832 8944 17576 951 6101 28105 25207 22653 4903 552 0 21084 22783 18652 1001 6014 983 31450 26880 4057 19301 6653 7328 16937 26843 3517 11658 26639 19944 25732 30788 28106 21660 30478 25633 1572 25230 8691 3459 26282 17213 18818 16735 32 15796 7121 28162 18228 10609 17683 
4227 19952 10457 16513 6806 6815 23390 21377 1318 1660 21084 0 15554 15707 1035 10577 31588 21042 27763 32226 14032 4752 7445 29398 6274 13540 24385 18070 9596 11191 16368 22715 16028 2989 26811 15923 18225 11977 12556 23719 9677 30961 15251 4381 4956 25011 13308 9689 27766 10054 
16540 1952 6858 22236 30569 14116 29882 25303 3154 15132 22783 15554 0 22262 20822 29602 9603 6465 15701 10313 27449 9233 18726 21763 31272 19873 30763 15528 29977 9448 31686 4988 11329 20363 30847 21185 31107 12306 8807 30352 3575 10329 13501 6633 21676 3146 2255 9480 20138 6346 
5773 32562 25875 19827 6655 26693 21218 32555 12452 18734 18652 15707 22262 0 13197 16327 10629 8890 15152 18690 26029 11990 15832 4684 30225 25795 21361 6383 7395 9195 7909 1777 20757 4271 3756 2134 14733 29130 6051 24998 21653 14578 24095 27570 24465 31424 321 22675 21237 22994 
1918 17393 15510 20573 17622 7470 25425 4627 30265 23733 1001 1035 20822 13197 0 6847 14416 22670 10640 20155 31797 32217 12677 11697 1979 6017 32510 11858 21654 8786 17426 15899 1856 12604 24869 20880 19803 25888 1138 12454 14168 25320 32457 4993 20824 31706 12694 25440 32595 31790 
7790 24557 13550 30302 2529 15441 16584 30723 31906 18247 6014 10577 29602 16327 6847 0 5549 13767 14924 28367 32 31560 27620 9649 19135 587 30182 32373 1916 17209 12702 11758 27898 17687 14954 11496 19296 1553 7982 8908 3949 26936 29707 24453 1997 3464 6220 26787 24747 12845 
32211 8353 28178 20836 15604 4194 4013 12603 2482 13982 983 31588 9603 10629 14416 5549 0 433 31089 6 21065 23114 7297 21333 16667 13968 20340 28762 27451 8413 30647 174 145 1196 19838 22267 17784 1294 5996 16151 22915 17248 17779 8274 14206 27194 28414 26124 4792 4267 
23205 21091 3164 30533 14015 22428 30551 28835 7416 10812 31450 21042 6465 8890 22670 13767 433 0 6435 10366 25795 13128 19372 27891 27010 705 18215 31278 27484 18648 18273 15159 7976 363 17612 16604 22887 10900 20880 8558 18929 16528 22754 25038 3053 27874 13465 2984 7683 11444 
12038 9136 3217 15360 29554 12301 29911 3164 21266 23115 26880 27763 15701 15152 10640 14924 31089 6435 0 18802 27236 4717 6808 20012 12489 20059 21861 27353 18126 18525 18415 26351 58 4586 26033 13722 15073 15039 1536 26223 31625 27959 30220 31331 3596 28892 2083 12539 27839 18238 
16521 23905 27266 16403 4276 4679 15578 21037 10815 5207 4057 32226 10313 18690 20155 28367 6 10366 18802 0 23169 4622 31294 7992 12463 22903 855 10326 18219 29917 14162 14010 2991 24749 25928 16433 4814 3964 7628 24138 20808 25869 3295 8057 19357 32397 23588 28539 28640 11297 
14721 16101 929 4835 30767 19648 18592 4988 13794 19059 19301 14032 27449 26029 31797 32 21065 25795 27236 23169 0 27051 4348 4381 10809 13078 1388 21395 23398 31201 5878 24499 28100 30290 7072 9766 22889 11064 24065 16720 30438 1249 24422 4582 16524 4175 309 5568 5359 7846 
22537 7551 25713 14603 12444 21693 18185 5772 11647 11809 6653 4752 9233 11990 32217 31560 23114 13128 4717 4622 27051 0 6877 702 8856 10063 22943 12336 13934 26685 11217 10285 18648 26507 1393 25226 4131 19738 20935 6892 7723 19791 15615 19204 11404 21370 18421 30231 25881 26486 
13904 22389 31380 9023 16920 28205 5761 1148 32664 4423 7328 7445 18726 15832 12677 27620 7297 19372 6808 31294 4348 6877 0 13469 22650 12695 4896 8969 5915 3616 23131 7997 18320 5526 23782 9280 11075 32615 14261 7869 31219 626 5659 3628 19735 26073 17998 12879 5766 24600 
21063 9670 5560 14723 6768 23850 17706 6799 22628 29255 16937 29398 21763 4684 11697 9649 21333 27891 20012 7992 4381 702 13469 0 12293 24409 13317 1372 13562 19971 11808 14475 8127 32192 9599 30056 16168 31509 26328 22349 25607 25909 8386 23065 12037 2952 13865 8668 15538 8300 
5852 8020 28946 13720 2356 32647 2823 5964 14238 21243 26843 6274 31272 30225 1979 19135 16667 27010 12489 12463 10809 8856 22650 12293 0 11248 23055 28408 7196 11363 24729 24918 19870 18450 30135 3651 10785 254 2203 16328 5879 28188 15310 21329 11003 29384 15831 29381 31306 13940 
28067 23576 29100 24713 19923 15941 21045 31744 19835 11622 3517 13540 19873 25795 6017 587 13968 705 20059 22903 13078 10063 12695 24409 11248 0 15090 31961 25383 24344 7170 30790 18024 5021 561 28974 12783 12890 24573 30023 11854 22721 728 14619 19596 10259 6460 15562 21211 11842 
23335 14580 85 17547 13002 22935 27144 24024 14316 23128 11658 24385 30763 21361 32510 30182 20340 18215 21861 855 1388 22943 4896 13317 23055 15090 0 15821 7332 9645 7355 28980 9158 22699 13265 2221 19014 2864 1354 22439 3265 32241 18847 6680 30574 11070 1841 5677 28681 7251 
7669 3329 25201 10329 14888 30611 20096 9503 13373 7782 26639 18070 15528 6383 11858 32373 28762 31278 27353 10326 21395 12336 8969 1372 28408 31961 15821 0 30849 7491 16229 14368 1963 23776 28280 26462 5161 22372 11961 30937 9526 16250 13387 27652 6198 19460 30361 23202 21257 2080 
25146 129 20471 11488 5561 30755 26353 20881 16643 10092 19944 9596 29977 7395 21654 1916 27451 27484 18126 18219 23398 13934 5915 13562 7196 25383 7332 30849 0 24110 28631 19817 11887 14033 4573 27122 22330 22101 21336 2431 7393 1607 16178 21451 8456 28817 3961 30363 11484 16234 
16893 31718 1781 24791 12720 29847 22716 32299 20214 13635 25732 11191 9448 9195 8786 17209 8413 18648 18525 29917 31201 26685 3616 19971 11363 24344 9645 7491 24110 0 16479 4563 12154 4929 10195 7090 24459 14281 31719 21323 7533 29590 26087 3906 5831 7484 5824 5398 16284 4967 
20392 10719 20616 16469 31363 20581 7658 29323 32010 17559 30788 16368 31686 7909 17426 12702 30647 18273 18415 14162 5878 11217 23131 11808 24729 7170 7355 16229 28631 16479 0 12403 17991 9558 14064 22957 30459 7621 4971 14686 9484 31412 25334 8747 20439 31603 13731 5923 27810 11282 
29524 26534 18306 2664 3955 30603 30796 12000 29900 27003 28106 22715 4988 1777 15899 11758 174 15159 26351 14010 24499 10285 7997 14475 24918 30790 28980 14368 19817 4563 12403 0 1603 1626 25163 26362 28851 7479 23547 22705 29338 31659 494 120 13548 23193 31617 6765 9200 23969 
25676 14566 19257 11532 8600 2198 3497 30842 4438 9350 21660 16028 11329 20757 1856 27898 145 7976 58 2991 28100 18648 18320 8127 19870 18024 9158 1963 11887 12154 17991 1603 0 13623 13075 26249 4067 22885 19683 29249 7205 27521 25996 11173 30539 7286 16452 20078 14425 27121 
17519 10538 28825 8669 32265 17800 5944 13586 16497 22141 30478 2989 20363 4271 12604 17687 1196 363 4586 24749 30290 26507 5526 32192 18450 5021 22699 23776 14033 4929 9558 1626 13623 0 29026 14821 26621 18749 29332 14952 27285 25279 12374 30288 13315 4838 29974 10816 11217 26363 
1452 16831 7525 21892 7134 19677 32041 29724 17073 7128 25633 26811 30847 3756 24869 14954 19838 17612 26033 25928 7072 1393 23782 9599 30135 561 13265 28280 4573 10195 14064 25163 13075 29026 0 12387 28319 20666 20411 28955 22782 3064 2428 5738 10318 11697 15034 23285 24639 15134 
6245 2171 7718 8016 14720 9557 14421 10954 1089 3015 1572 15923 21185 2134 20880 11496 22267 16604 13722 16433 9766 25226 9280 30056 3651 28974 2221 26462 27122 7090 22957 26362 26249 14821 12387 0 24094 10402 26437 30328 4036 31205 16939 18363 27207 3181 13616 14662 29604 2403 
22185 26958 22464 4472 11411 15403 32156 28625 8202 15237 25230 18225 31107 14733 19803 19296 17784 22887 15073 4814 22889 4131 11075 16168 10785 12783 19014 5161 22330 24459 30459 28851 4067 26621 28319 24094 0 15234 1688 9523 30686 28679 14760 2337 11581 9873 15515 22067 20440 31030 
15003 30290 3420 1309 21741 14137 30286 13717 14047 6035 8691 11977 12306 29130 25888 1553 1294 10900 15039 3964 11064 19738 32615 31509 254 12890 2864 22372 22101 14281 7621 7479 22885 18749 20666 10402 15234 0 24063 27390 8960 6099 25801 26192 22889 10765 30502 31808 16069 10692 
1384 23043 17517 28202 4341 30655 2131 12398 28804 30015 3459 12556 8807 6051 1138 7982 5996 20880 1536 7628 24065 20935 14261 26328 2203 24573 1354 11961 21336 31719 4971 23547 19683 29332 20411 26437 1688 24063 0 14422 7480 25608 3082 17994 1704 2836 30095 26187 21328 10296 
2181 21311 31154 12642 3179 11120 23219 4582 8076 5707 26282 23719 30352 24998 12454 8908 16151 8558 26223 24138 16720 6892 7869 22349 16328 30023 22439 30937 2431 21323 14686 22705 29249 14952 28955 30328 9523 27390 14422 0 2534 19985 17413 27833 30423 16891 20203 23429 28138 3061 
7567 24466 23636 29914 14678 21100 24954 15248 5373 6492 17213 9677 3575 21653 14168 3949 22915 18929 31625 20808 30438 7723 31219 25607 5879 11854 3265 9526 7393 7533 9484 29338 7205 27285 22782 4036 30686 8960 7480 2534 0 6058 23501 24455 22265 31236 26878 18932 24791 21795 
28187 8926 2514 944 3736 13892 4163 20659 8145 19994 18818 30961 10329 14578 25320 26936 17248 16528 27959 25869 1249 19791 626 25909 28188 22721 32241 16250 1607 29590 31412 31659 27521 25279 3064 31205 28679 6099 25608 19985 6058 0 14975 26941 6969 15259 31870 7108 7566 10073 
4946 11354 17257 20599 2183 219 15304 20216 31346 30230 16735 15251 13501 24095 32457 29707 17779 22754 30220 3295 24422 15615 5659 8386 15310 728 18847 13387 16178 26087 25334 494 25996 12374 2428 16939 14760 25801 3082 17413 23501 14975 0 10345 31862 31217 24641 30888 19940 18093 
13753 18605 5000 8646 31951 9176 27135 31416 8240 25932 32 4381 6633 27570 4993 24453 8274 25038 31331 8057 4582 19204 3628 23065 21329 14619 6680 27652 21451 3906 8747 120 11173 30288 5738 18363 2337 26192 17994 27833 24455 26941 10345 0 31477 13587 20450 11761 21670 2367 
10981 32136 19651 28631 25021 4694 26272 3255 29186 14881 15796 4956 21676 24465 20824 1997 14206 3053 3596 19357 16524 11404 19735 12037 11003 19596 30574 6198 8456 5831 20439 13548 30539 13315 10318 27207 11581 22889 1704 30423 22265 6969 31862 31477 0 25326 3887 8552 22400 30861 
20089 1411 12778 2451 14251 27419 16593 13325 28659 25445 7121 25011 3146 31424 31706 3464 27194 27874 28892 32397 4175 21370 26073 2952 29384 10259 11070 19460 28817 7484 31603 23193 7286 4838 11697 3181 9873 10765 2836 16891 31236 15259 31217 13587 25326 0 18924 26488 11839 31620 
10567 30526 6836 2030 31326 29158 26423 23094 5204 18654 28162 13308 2255 321 12694 6220 28414 13465 2083 23588 309 18421 17998 13865 15831 6460 1841 30361 3961 5824 13731 31617 16452 29974 15034 13616 15515 30502 30095 20203 26878 31870 24641 20450 3887 18924 0 25755 24078 24106 
16459 12220 24398 31706 30109 26253 21449 31715 25690 14356 18228 9689 9480 22675 25440 26787 26124 2984 12539 28539 5568 30231 12879 8668 29381 15562 5677 23202 30363 5398 5923 6765 20078 10816 23285 14662 22067 31808 26187 23429 18932 7108 30888 11761 8552 26488 25755 0 31914 6408 
11909 14393 31812 12764 23639 18890 3765 23644 4516 31939 10609 27766 20138 21237 32595 24747 4792 7683 27839 28640 5359 25881 5766 15538 31306 21211 28681 21257 11484 16284 27810 9200 14425 11217 24639 29604 20440 16069 21328 28138 24791 7566 19940 21670 22400 11839 24078 31914 0 4015 
7007 23950 3276 29219 11162 15021 13115 4013 16823 18537 17683 10054 6346 22994 31790 12845 4267 11444 18238 11297 7846 26486 24600 8300 13940 11842 7251 2080 16234 4967 11282 23969 27121 26363 15134 2403 31030 10692 10296 3061 21795 10073 18093 2367 30861 31620 24106 6408 4015 0 
